[Header]
TITLE,MPMS DC Measurement
BYAPP,MPMS Measurement,2.1,Summary
FILEOPENTIME, 1708723609.127000 2/23/2024, 10:26:49 PM

INFO, APPNAME, MPMS MultiVu Application, Revision 1.61,  Build 082

INFO, NAME, Kristine_NCCO_SC_Canada
INFO, WEIGHT, 0.000
INFO, AREA, 1.000
INFO, LENGTH, 1.000
INFO, SHAPE, 0
INFO, COMMENT, Need to measure mass after
INFO, SEQUENCE FILE: ZFCFC_2_50K_10Oe.seq


INFO, BACKGROUND DATA FILE:, None


STARTUPAXIS,X,4,LINEAR,AUTO,0.000000,0.000000
STARTUPAXIS,Y1,5,LINEAR,AUTO,0.000000,0.000000


STARTUPGROUP,Longitudinal
FIELDGROUP,Longitudinal,1,2,3,4,5,6,7,8,9,15,16,17,18,27,28
FIELDGROUP,Transverse,1,2,3,4,10,11,12,13,14,19,20,21,22,27,28

PLOT_APPEARANCE,ALL,HORZ_GRID_ON,VERT_GRID_ON,MARKERS_AND_LINES

[Data]
Time,Comment,Field (Oe),Temperature (K),Long Moment (emu),Long Scan Std Dev,Long Algorithm,Long Reg Fit,Long Percent Error (%),Trans Moment (emu),Trans Scan Std Dev,Trans Algorithm,Trans Reg Fit,Trans Percent Error (%),Long Moment [w/o ABS] (emu),Long Scan Std Dev [w/o ABS],Long Reg Fit [w/o ABS],Long Percent Error [w/o ABS] (%),Trans Moment [w/o ABS] (emu),Trans Scan Std Dev [w/o ABS],Trans Reg Fit [w/o ABS],Trans Percent Error [w/o ABS] (%),Points per Scan,Scans per Measurement,Scan Length (cm),Delta Temp (K),Rot Position (deg),Error,EC Comp. Running,Using ABS,
1708723609.127,,1.000000e+001,1.800814e+000,-2.114494e-001,1.555727e-007,3,9.418009e-001,7.357442e-005,,,,,,,,,,,,,,32,3,4.000000e+000,1.334071e-003,0.000000e+000,0,,0,
1708723803.217,,1.000000e+001,2.343911e+000,-2.114763e-001,6.916370e-006,3,9.416885e-001,3.270519e-003,,,,,,,,,,,,,,32,3,4.000000e+000,3.697300e-002,0.000000e+000,0,,0,
1708723981.273,,1.000000e+001,2.847054e+000,-2.114883e-001,5.885572e-006,3,9.416799e-001,2.782931e-003,,,,,,,,,,,,,,32,3,4.000000e+000,2.856088e-002,0.000000e+000,0,,0,
1708724097.855,,1.000000e+001,3.168666e+000,-2.114819e-001,4.341637e-006,3,9.416727e-001,2.052960e-003,,,,,,,,,,,,,,32,3,4.000000e+000,6.494617e-002,0.000000e+000,0,,0,
1708724316.761,,1.000000e+001,3.758556e+000,-2.114771e-001,6.000063e-006,3,9.416967e-001,2.837216e-003,,,,,,,,,,,,,,32,3,4.000000e+000,2.608609e-002,0.000000e+000,0,,0,
1708724519.562,,1.000000e+001,4.154277e+000,-2.114628e-001,4.691110e-006,3,9.416878e-001,2.218409e-003,,,,,,,,,,,,,,32,3,4.000000e+000,1.945257e-002,0.000000e+000,0,,0,
1708724801.408,,1.000000e+001,4.464270e+000,-2.114335e-001,4.738136e-006,3,9.417474e-001,2.240958e-003,,,,,,,,,,,,,,32,3,4.000000e+000,1.494122e-002,0.000000e+000,0,,0,
1708725086.557,,1.000000e+001,5.321266e+000,-2.113879e-001,6.080048e-006,3,9.417697e-001,2.876251e-003,,,,,,,,,,,,,,32,3,4.000000e+000,1.316690e-002,0.000000e+000,0,,0,
1708725286.335,,1.000000e+001,5.816504e+000,-2.113531e-001,3.099495e-006,3,9.417660e-001,1.466501e-003,,,,,,,,,,,,,,32,3,4.000000e+000,3.016949e-003,0.000000e+000,0,,0,
1708725485.565,,1.000000e+001,6.319892e+000,-2.113037e-001,3.749782e-006,3,9.417682e-001,1.774594e-003,,,,,,,,,,,,,,32,3,4.000000e+000,1.109219e-002,0.000000e+000,0,,0,
1708725686.468,,1.000000e+001,6.819082e+000,-2.112538e-001,3.110222e-006,3,9.418101e-001,1.472268e-003,,,,,,,,,,,,,,32,3,4.000000e+000,1.542282e-002,0.000000e+000,0,,0,
1708725886.274,,1.000000e+001,7.321504e+000,-2.111893e-001,4.890624e-006,3,9.418030e-001,2.315754e-003,,,,,,,,,,,,,,32,3,4.000000e+000,8.565903e-003,0.000000e+000,0,,0,
1708726086.714,,1.000000e+001,7.823478e+000,-2.111152e-001,5.416895e-006,3,9.418189e-001,2.565848e-003,,,,,,,,,,,,,,32,3,4.000000e+000,4.735947e-003,0.000000e+000,0,,0,
1708726287.687,,1.000000e+001,8.328345e+000,-2.110342e-001,9.397980e-006,3,9.418249e-001,4.453297e-003,,,,,,,,,,,,,,32,3,4.000000e+000,7.630348e-003,0.000000e+000,0,,0,
1708726489.110,,1.000000e+001,8.828965e+000,-2.109491e-001,7.310527e-006,3,9.418209e-001,3.465540e-003,,,,,,,,,,,,,,32,3,4.000000e+000,1.180363e-002,0.000000e+000,0,,0,
1708726689.653,,1.000000e+001,9.333653e+000,-2.108477e-001,7.031430e-006,3,9.418423e-001,3.334839e-003,,,,,,,,,,,,,,32,3,4.000000e+000,9.667397e-003,0.000000e+000,0,,0,
1708726891.170,,1.000000e+001,9.834908e+000,-2.107344e-001,5.989099e-006,3,9.418527e-001,2.842012e-003,,,,,,,,,,,,,,32,3,4.000000e+000,1.631832e-002,0.000000e+000,0,,0,
1708727092.580,,1.000000e+001,1.033979e+001,-2.106065e-001,7.801295e-006,3,9.418606e-001,3.704205e-003,,,,,,,,,,,,,,32,3,4.000000e+000,1.095009e-002,0.000000e+000,0,,0,
1708727293.868,,1.000000e+001,1.084666e+001,-2.104671e-001,9.643607e-006,3,9.418845e-001,4.582002e-003,,,,,,,,,,,,,,32,3,4.000000e+000,1.463032e-002,0.000000e+000,0,,0,
1708727496.920,,1.000000e+001,1.135376e+001,-2.103080e-001,1.039897e-005,3,9.419067e-001,4.944636e-003,,,,,,,,,,,,,,32,3,4.000000e+000,1.247978e-002,0.000000e+000,0,,0,
1708727698.370,,1.000000e+001,1.185783e+001,-2.101317e-001,1.068733e-005,3,9.419507e-001,5.086014e-003,,,,,,,,,,,,,,32,3,4.000000e+000,1.226997e-002,0.000000e+000,0,,0,
1708727900.383,,1.000000e+001,1.234822e+001,-2.099239e-001,1.264062e-005,3,9.419690e-001,6.021522e-003,,,,,,,,,,,,,,32,3,4.000000e+000,1.485920e-002,0.000000e+000,0,,0,
1708728103.494,,1.000000e+001,1.285415e+001,-2.097012e-001,1.101344e-005,3,9.419879e-001,5.251967e-003,,,,,,,,,,,,,,32,3,4.000000e+000,3.540039e-003,0.000000e+000,0,,0,
1708728306.381,,1.000000e+001,1.335551e+001,-2.094465e-001,1.055763e-005,3,9.420311e-001,5.040727e-003,,,,,,,,,,,,,,32,3,4.000000e+000,5.980492e-003,0.000000e+000,0,,0,
1708728508.459,,1.000000e+001,1.385696e+001,-2.091486e-001,1.427585e-005,3,9.420630e-001,6.825698e-003,,,,,,,,,,,,,,32,3,4.000000e+000,3.125954e-002,0.000000e+000,0,,0,
1708728710.420,,1.000000e+001,1.434926e+001,-2.088026e-001,1.418875e-005,3,9.420908e-001,6.795292e-003,,,,,,,,,,,,,,32,3,4.000000e+000,6.629944e-003,0.000000e+000,0,,0,
1708728911.034,,1.000000e+001,1.485185e+001,-2.083652e-001,1.681551e-005,3,9.421466e-001,8.070212e-003,,,,,,,,,,,,,,32,3,4.000000e+000,7.959366e-003,0.000000e+000,0,,0,
1708729113.380,,1.000000e+001,1.535590e+001,-2.078263e-001,1.669119e-005,3,9.422138e-001,8.031318e-003,,,,,,,,,,,,,,32,3,4.000000e+000,8.450508e-003,0.000000e+000,0,,0,
1708729314.211,,1.000000e+001,1.585726e+001,-2.071385e-001,2.233894e-005,3,9.422756e-001,1.078454e-002,,,,,,,,,,,,,,32,3,4.000000e+000,6.959915e-003,0.000000e+000,0,,0,
1708729515.832,,1.000000e+001,1.635786e+001,-2.062456e-001,2.651788e-005,3,9.423513e-001,1.285742e-002,,,,,,,,,,,,,,32,3,4.000000e+000,5.260468e-003,0.000000e+000,0,,0,
1708729717.777,,1.000000e+001,1.686086e+001,-2.050455e-001,3.153148e-005,3,9.424758e-001,1.537780e-002,,,,,,,,,,,,,,32,3,4.000000e+000,3.890991e-003,0.000000e+000,0,,0,
1708729919.514,,1.000000e+001,1.736269e+001,-2.033763e-001,3.828826e-005,3,9.426477e-001,1.882631e-002,,,,,,,,,,,,,,32,3,4.000000e+000,5.849838e-003,0.000000e+000,0,,0,
1708730121.199,,1.000000e+001,1.786315e+001,-2.010029e-001,5.700565e-005,3,9.428854e-001,2.836062e-002,,,,,,,,,,,,,,32,3,4.000000e+000,6.780624e-003,0.000000e+000,0,,0,
1708730323.597,,1.000000e+001,1.836508e+001,-1.975943e-001,7.003915e-005,3,9.432057e-001,3.544593e-002,,,,,,,,,,,,,,32,3,4.000000e+000,7.759094e-003,0.000000e+000,0,,0,
1708730524.849,,1.000000e+001,1.886727e+001,-1.928306e-001,9.493111e-005,3,9.436319e-001,4.923031e-002,,,,,,,,,,,,,,32,3,4.000000e+000,5.420685e-003,0.000000e+000,0,,0,
1708730727.009,,1.000000e+001,1.937158e+001,-1.864762e-001,1.253449e-004,3,9.441392e-001,6.721766e-002,,,,,,,,,,,,,,32,3,4.000000e+000,5.680084e-003,0.000000e+000,0,,0,
1708730929.261,,1.000000e+001,1.987387e+001,-1.781337e-001,1.644809e-004,3,9.447224e-001,9.233565e-002,,,,,,,,,,,,,,32,3,4.000000e+000,8.890152e-003,0.000000e+000,0,,0,
1708731132.330,,1.000000e+001,2.037333e+001,-1.660350e-001,2.027663e-004,3,9.453858e-001,1.221226e-001,,,,,,,,,,,,,,32,3,4.000000e+000,9.281158e-003,0.000000e+000,0,,0,
1708731335.837,,1.000000e+001,2.087442e+001,-1.440296e-001,2.801947e-004,3,9.462500e-001,1.945396e-001,,,,,,,,,,,,,,32,3,4.000000e+000,7.249832e-003,0.000000e+000,0,,0,
1708731538.629,,1.000000e+001,2.138014e+001,-9.087396e-002,4.721009e-004,3,9.461203e-001,5.195118e-001,,,,,,,,,,,,,,32,3,4.000000e+000,5.041122e-003,0.000000e+000,0,,0,
1708731748.132,,1.000000e+001,2.188186e+001,-3.574545e-002,2.824153e-004,3,9.488463e-001,7.900735e-001,,,,,,,,,,,,,,32,3,4.000000e+000,7.850647e-003,0.000000e+000,0,,0,
1708731952.206,,1.000000e+001,2.238583e+001,-1.457321e-002,4.089404e-004,3,9.540623e-001,2.806111e+000,,,,,,,,,,,,,,32,3,4.000000e+000,6.349564e-003,0.000000e+000,0,,0,
1708732163.033,,1.000000e+001,2.288856e+001,-4.989790e-003,1.154300e-004,3,9.653967e-001,2.313325e+000,,,,,,,,,,,,,,32,3,4.000000e+000,1.696014e-002,0.000000e+000,0,,0,
1708732374.053,,1.000000e+001,2.338890e+001,-1.290409e-003,3.287456e-005,3,8.780137e-001,2.547607e+000,,,,,,,,,,,,,,32,3,4.000000e+000,1.369095e-002,0.000000e+000,0,,0,
1708732577.635,,1.000000e+001,2.389255e+001,1.051739e-003,5.139702e-005,3,9.138098e-001,4.886862e+000,,,,,,,,,,,,,,32,3,4.000000e+000,5.069733e-003,0.000000e+000,0,,0,
1708732782.145,,1.000000e+001,2.439357e+001,1.299437e-003,6.829967e-006,3,9.781778e-001,5.256097e-001,,,,,,,,,,,,,,32,3,4.000000e+000,9.441376e-003,0.000000e+000,0,,0,
1708732986.923,,1.000000e+001,2.489956e+001,1.483583e-003,1.880517e-006,3,9.663434e-001,1.267551e-001,,,,,,,,,,,,,,32,3,4.000000e+000,1.084900e-002,0.000000e+000,0,,0,
1708733190.989,,1.000000e+001,2.540040e+001,1.625089e-003,1.872399e-006,3,9.586322e-001,1.152183e-001,,,,,,,,,,,,,,32,3,4.000000e+000,6.729126e-003,0.000000e+000,0,,0,
1708733394.410,,1.000000e+001,2.590102e+001,1.746106e-003,7.910251e-007,3,9.576799e-001,4.530224e-002,,,,,,,,,,,,,,32,3,4.000000e+000,6.950378e-003,0.000000e+000,0,,0,
1708733595.413,,1.000000e+001,2.640317e+001,1.762514e-003,1.699631e-007,3,9.587195e-001,9.643219e-003,,,,,,,,,,,,,,32,3,4.000000e+000,1.078033e-002,0.000000e+000,0,,0,
1708733797.443,,1.000000e+001,2.690409e+001,1.737914e-003,1.625961e-007,3,9.587223e-001,9.355817e-003,,,,,,,,,,,,,,32,3,4.000000e+000,9.878159e-003,0.000000e+000,0,,0,
1708734001.474,,1.000000e+001,2.740825e+001,1.713889e-003,1.239712e-007,3,9.586940e-001,7.233328e-003,,,,,,,,,,,,,,32,3,4.000000e+000,7.629395e-003,0.000000e+000,0,,0,
1708734203.813,,1.000000e+001,2.791153e+001,1.690509e-003,2.031131e-007,3,9.587026e-001,1.201490e-002,,,,,,,,,,,,,,32,3,4.000000e+000,3.940582e-003,0.000000e+000,0,,0,
1708734407.914,,1.000000e+001,2.841220e+001,1.667889e-003,1.944608e-007,3,9.587319e-001,1.165910e-002,,,,,,,,,,,,,,32,3,4.000000e+000,1.350021e-002,0.000000e+000,0,,0,
1708734611.467,,1.000000e+001,2.891051e+001,1.646147e-003,1.648800e-007,3,9.587588e-001,1.001612e-002,,,,,,,,,,,,,,32,3,4.000000e+000,1.112938e-002,0.000000e+000,0,,0,
1708734816.296,,1.000000e+001,2.941848e+001,1.625131e-003,1.366891e-007,3,9.587489e-001,8.410957e-003,,,,,,,,,,,,,,32,3,4.000000e+000,1.001930e-002,0.000000e+000,0,,0,
1708735019.993,,1.000000e+001,2.992034e+001,1.604615e-003,1.549331e-007,3,9.587225e-001,9.655470e-003,,,,,,,,,,,,,,32,3,4.000000e+000,1.471901e-002,0.000000e+000,0,,0,
1708735224.436,,1.000000e+001,3.041989e+001,1.584994e-003,2.664747e-007,3,9.587149e-001,1.681235e-002,,,,,,,,,,,,,,32,3,4.000000e+000,1.361084e-002,0.000000e+000,0,,0,
1708735429.344,,1.000000e+001,3.092772e+001,1.565851e-003,1.512872e-007,3,9.587281e-001,9.661660e-003,,,,,,,,,,,,,,32,3,4.000000e+000,1.398087e-002,0.000000e+000,0,,0,
1708735630.741,,1.000000e+001,3.142222e+001,1.547375e-003,2.421895e-007,3,9.587302e-001,1.565163e-002,,,,,,,,,,,,,,32,3,4.000000e+000,1.115990e-002,0.000000e+000,0,,0,
1708735832.879,,1.000000e+001,3.192686e+001,1.529346e-003,3.208534e-007,3,9.587307e-001,2.097978e-002,,,,,,,,,,,,,,32,3,4.000000e+000,1.800156e-002,0.000000e+000,0,,0,
1708736037.233,,1.000000e+001,3.242930e+001,1.511825e-003,3.846288e-007,3,9.587408e-001,2.544136e-002,,,,,,,,,,,,,,32,3,4.000000e+000,2.519989e-002,0.000000e+000,0,,0,
1708736241.543,,1.000000e+001,3.293259e+001,1.494820e-003,1.287474e-007,3,9.587200e-001,8.612899e-003,,,,,,,,,,,,,,32,3,4.000000e+000,1.723099e-002,0.000000e+000,0,,0,
1708736444.742,,1.000000e+001,3.344011e+001,1.478316e-003,1.658292e-007,3,9.587030e-001,1.121744e-002,,,,,,,,,,,,,,32,3,4.000000e+000,1.236725e-002,0.000000e+000,0,,0,
1708736647.362,,1.000000e+001,3.393185e+001,1.462319e-003,1.364120e-007,3,9.587498e-001,9.328474e-003,,,,,,,,,,,,,,32,3,4.000000e+000,2.533722e-002,0.000000e+000,0,,0,
1708736852.609,,1.000000e+001,3.444110e+001,1.446873e-003,1.611414e-007,3,9.587236e-001,1.113722e-002,,,,,,,,,,,,,,32,3,4.000000e+000,2.040863e-002,0.000000e+000,0,,0,
1708737055.821,,1.000000e+001,3.493967e+001,1.431618e-003,2.835377e-007,3,9.587250e-001,1.980540e-002,,,,,,,,,,,,,,32,3,4.000000e+000,2.090073e-002,0.000000e+000,0,,0,
1708737260.352,,1.000000e+001,3.544092e+001,1.416926e-003,1.994256e-007,3,9.587060e-001,1.407452e-002,,,,,,,,,,,,,,32,3,4.000000e+000,2.529144e-002,0.000000e+000,0,,0,
1708737466.271,,1.000000e+001,3.594691e+001,1.402555e-003,1.995685e-007,3,9.586721e-001,1.422893e-002,,,,,,,,,,,,,,32,3,4.000000e+000,1.793289e-002,0.000000e+000,0,,0,
1708737669.112,,1.000000e+001,3.644738e+001,1.388536e-003,1.572653e-007,3,9.587234e-001,1.132597e-002,,,,,,,,,,,,,,32,3,4.000000e+000,1.428223e-002,0.000000e+000,0,,0,
1708737871.925,,1.000000e+001,3.694740e+001,1.374969e-003,2.847414e-007,3,9.586945e-001,2.070893e-002,,,,,,,,,,,,,,32,3,4.000000e+000,1.459885e-002,0.000000e+000,0,,0,
1708738075.192,,1.000000e+001,3.745010e+001,1.361729e-003,1.789620e-007,3,9.586734e-001,1.314227e-002,,,,,,,,,,,,,,32,3,4.000000e+000,2.560043e-002,0.000000e+000,0,,0,
1708738279.146,,1.000000e+001,3.794728e+001,1.348933e-003,2.131062e-007,3,9.586999e-001,1.579813e-002,,,,,,,,,,,,,,32,3,4.000000e+000,2.180862e-002,0.000000e+000,0,,0,
1708738485.504,,1.000000e+001,3.845920e+001,1.336300e-003,3.077889e-007,3,9.587266e-001,2.303291e-002,,,,,,,,,,,,,,32,3,4.000000e+000,1.338196e-002,0.000000e+000,0,,0,
1708738693.315,,1.000000e+001,3.895325e+001,1.324153e-003,1.952382e-007,3,9.587326e-001,1.474438e-002,,,,,,,,,,,,,,32,3,4.000000e+000,2.735138e-002,0.000000e+000,0,,0,
1708738896.135,,1.000000e+001,3.946111e+001,1.312196e-003,2.053476e-007,3,9.587275e-001,1.564915e-002,,,,,,,,,,,,,,32,3,4.000000e+000,1.397324e-002,0.000000e+000,0,,0,
1708739102.609,,1.000000e+001,3.996234e+001,1.300542e-003,2.386012e-007,3,9.587267e-001,1.834630e-002,,,,,,,,,,,,,,32,3,4.000000e+000,1.666260e-002,0.000000e+000,0,,0,
1708739307.263,,1.000000e+001,4.047030e+001,1.289094e-003,2.116253e-007,3,9.586594e-001,1.641659e-002,,,,,,,,,,,,,,32,3,4.000000e+000,1.457977e-002,0.000000e+000,0,,0,
1708739512.447,,1.000000e+001,4.096732e+001,1.278100e-003,5.410282e-008,3,9.586723e-001,4.233065e-003,,,,,,,,,,,,,,32,3,4.000000e+000,1.982880e-002,0.000000e+000,0,,0,
1708739717.437,,1.000000e+001,4.147429e+001,1.267246e-003,2.472410e-007,3,9.586986e-001,1.951010e-002,,,,,,,,,,,,,,32,3,4.000000e+000,1.012039e-002,0.000000e+000,0,,0,
1708739921.829,,1.000000e+001,4.197772e+001,1.256754e-003,1.268664e-007,3,9.586847e-001,1.009477e-002,,,,,,,,,,,,,,32,3,4.000000e+000,1.808929e-002,0.000000e+000,0,,0,
1708740127.802,,1.000000e+001,4.247663e+001,1.246461e-003,1.568211e-007,3,9.586657e-001,1.258131e-002,,,,,,,,,,,,,,32,3,4.000000e+000,2.637100e-002,0.000000e+000,0,,0,
1708740334.996,,1.000000e+001,4.297379e+001,1.236448e-003,1.438971e-007,3,9.586411e-001,1.163795e-002,,,,,,,,,,,,,,32,3,4.000000e+000,2.418900e-002,0.000000e+000,0,,0,
1708740540.671,,1.000000e+001,4.347571e+001,1.226477e-003,1.489087e-007,3,9.586250e-001,1.214117e-002,,,,,,,,,,,,,,32,3,4.000000e+000,3.725052e-002,0.000000e+000,0,,0,
1708740747.908,,1.000000e+001,4.398687e+001,1.216756e-003,1.813058e-007,3,9.586782e-001,1.490076e-002,,,,,,,,,,,,,,32,3,4.000000e+000,2.342987e-002,0.000000e+000,0,,0,
1708740953.970,,1.000000e+001,4.448816e+001,1.207215e-003,2.683777e-007,3,9.586433e-001,2.223114e-002,,,,,,,,,,,,,,32,3,4.000000e+000,6.820679e-003,0.000000e+000,0,,0,
1708741158.778,,1.000000e+001,4.498611e+001,1.197938e-003,1.673075e-007,3,9.586861e-001,1.396629e-002,,,,,,,,,,,,,,32,3,4.000000e+000,2.779770e-002,0.000000e+000,0,,0,
1708741364.901,,1.000000e+001,4.548813e+001,1.188947e-003,1.689046e-007,3,9.586095e-001,1.420624e-002,,,,,,,,,,,,,,32,3,4.000000e+000,1.180267e-002,0.000000e+000,0,,0,
1708741567.231,,1.000000e+001,4.598860e+001,1.180140e-003,1.955916e-007,3,9.585806e-001,1.657359e-002,,,,,,,,,,,,,,32,3,4.000000e+000,2.400970e-002,0.000000e+000,0,,0,
1708741775.733,,1.000000e+001,4.649184e+001,1.171387e-003,1.522235e-007,3,9.586609e-001,1.299515e-002,,,,,,,,,,,,,,32,3,4.000000e+000,2.199936e-002,0.000000e+000,0,,0,
1708741977.007,,1.000000e+001,4.699136e+001,1.162902e-003,2.044956e-007,3,9.586093e-001,1.758494e-002,,,,,,,,,,,,,,32,3,4.000000e+000,1.119995e-002,0.000000e+000,0,,0,
1708742180.770,,1.000000e+001,4.749788e+001,1.154593e-003,1.002103e-007,3,9.586422e-001,8.679275e-003,,,,,,,,,,,,,,32,3,4.000000e+000,3.166199e-002,0.000000e+000,0,,0,
1708742388.116,,1.000000e+001,4.800059e+001,1.146480e-003,1.638389e-007,3,9.586039e-001,1.429060e-002,,,,,,,,,,,,,,32,3,4.000000e+000,2.447891e-002,0.000000e+000,0,,0,
1708742593.081,,1.000000e+001,4.850011e+001,1.138406e-003,1.831288e-007,3,9.586206e-001,1.608642e-002,,,,,,,,,,,,,,32,3,4.000000e+000,2.097702e-002,0.000000e+000,0,,0,
1708742800.651,,1.000000e+001,4.900011e+001,1.130624e-003,2.317345e-007,3,9.586101e-001,2.049616e-002,,,,,,,,,,,,,,32,3,4.000000e+000,2.935028e-002,0.000000e+000,0,,0,
1708743004.383,,1.000000e+001,4.950621e+001,1.123218e-003,2.273861e-007,3,9.586162e-001,2.024416e-002,,,,,,,,,,,,,,32,3,4.000000e+000,2.037048e-002,0.000000e+000,0,,0,
1708743209.490,,1.000000e+001,5.001180e+001,1.115841e-003,1.223004e-007,3,9.586716e-001,1.096038e-002,,,,,,,,,,,,,,32,3,4.000000e+000,1.382065e-002,0.000000e+000,0,,0,
1708748905.636,,1.000000e+001,1.800647e+000,-1.137428e-003,2.508031e-007,3,7.409011e-001,2.205002e-002,,,,,,,,,,,,,,32,3,4.000000e+000,1.407981e-003,0.000000e+000,0,,0,
1708749099.724,,1.000000e+001,2.350138e+000,-1.155630e-003,7.372848e-007,3,7.461974e-001,6.379939e-002,,,,,,,,,,,,,,32,3,4.000000e+000,3.581500e-002,0.000000e+000,0,,0,
1708749275.693,,1.000000e+001,2.850717e+000,-1.172043e-003,4.758303e-007,3,7.511117e-001,4.059834e-002,,,,,,,,,,,,,,32,3,4.000000e+000,2.768707e-002,0.000000e+000,0,,0,
1708749454.318,,1.000000e+001,3.303189e+000,-1.184976e-003,3.179689e-007,3,7.548640e-001,2.683337e-002,,,,,,,,,,,,,,32,3,4.000000e+000,1.815510e-002,0.000000e+000,0,,0,
1708749646.795,,1.000000e+001,3.758411e+000,-1.196477e-003,3.817944e-007,3,7.581525e-001,3.190989e-002,,,,,,,,,,,,,,32,3,4.000000e+000,2.481008e-002,0.000000e+000,0,,0,
1708749849.495,,1.000000e+001,4.153437e+000,-1.205098e-003,2.017417e-007,3,7.606598e-001,1.674069e-002,,,,,,,,,,,,,,32,3,4.000000e+000,1.959229e-002,0.000000e+000,0,,0,
1708750131.363,,1.000000e+001,4.466042e+000,-1.204463e-003,7.321074e-007,3,7.617615e-001,6.078290e-002,,,,,,,,,,,,,,32,3,4.000000e+000,1.521921e-002,0.000000e+000,0,,0,
1708750417.028,,1.000000e+001,5.324267e+000,-1.223420e-003,3.173063e-007,3,7.653315e-001,2.593600e-002,,,,,,,,,,,,,,32,3,4.000000e+000,1.231384e-002,0.000000e+000,0,,0,
1708750615.381,,1.000000e+001,5.817482e+000,-1.231214e-003,1.841745e-007,3,7.673306e-001,1.495877e-002,,,,,,,,,,,,,,32,3,4.000000e+000,1.207209e-002,0.000000e+000,0,,0,
1708750815.291,,1.000000e+001,6.322294e+000,-1.238537e-003,2.056985e-007,3,7.692658e-001,1.660818e-002,,,,,,,,,,,,,,32,3,4.000000e+000,1.370096e-002,0.000000e+000,0,,0,
1708751015.228,,1.000000e+001,6.819790e+000,-1.245135e-003,2.040336e-007,3,7.709179e-001,1.638646e-002,,,,,,,,,,,,,,32,3,4.000000e+000,1.370716e-002,0.000000e+000,0,,0,
1708751216.110,,1.000000e+001,7.323490e+000,-1.250829e-003,2.047814e-007,3,7.724013e-001,1.637165e-002,,,,,,,,,,,,,,32,3,4.000000e+000,1.521826e-002,0.000000e+000,0,,0,
1708751416.793,,1.000000e+001,7.823428e+000,-1.255767e-003,1.782488e-007,3,7.737112e-001,1.419441e-002,,,,,,,,,,,,,,32,3,4.000000e+000,1.487494e-002,0.000000e+000,0,,0,
1708751618.394,,1.000000e+001,8.328314e+000,-1.260283e-003,1.138479e-007,3,7.748789e-001,9.033514e-003,,,,,,,,,,,,,,32,3,4.000000e+000,6.099701e-003,0.000000e+000,0,,0,
1708751820.804,,1.000000e+001,8.829805e+000,-1.264126e-003,1.491813e-007,3,7.759035e-001,1.180114e-002,,,,,,,,,,,,,,32,3,4.000000e+000,1.903629e-002,0.000000e+000,0,,0,
1708752020.004,,1.000000e+001,9.331424e+000,-1.267484e-003,7.484002e-008,3,7.768071e-001,5.904614e-003,,,,,,,,,,,,,,32,3,4.000000e+000,1.289177e-002,0.000000e+000,0,,0,
1708752222.131,,1.000000e+001,9.837116e+000,-1.270409e-003,1.395955e-007,3,7.775747e-001,1.098823e-002,,,,,,,,,,,,,,32,3,4.000000e+000,2.054882e-002,0.000000e+000,0,,0,
1708752423.871,,1.000000e+001,1.034423e+001,-1.272937e-003,1.461108e-007,3,7.783008e-001,1.147825e-002,,,,,,,,,,,,,,32,3,4.000000e+000,6.739616e-003,0.000000e+000,0,,0,
1708752625.412,,1.000000e+001,1.084629e+001,-1.275052e-003,1.411620e-007,3,7.788816e-001,1.107108e-002,,,,,,,,,,,,,,32,3,4.000000e+000,1.914978e-002,0.000000e+000,0,,0,
1708752828.392,,1.000000e+001,1.135738e+001,-1.276839e-003,1.789814e-007,3,7.794378e-001,1.401754e-002,,,,,,,,,,,,,,32,3,4.000000e+000,2.297974e-002,0.000000e+000,0,,0,
1708753031.117,,1.000000e+001,1.185727e+001,-1.278144e-003,2.026123e-007,3,7.798745e-001,1.585207e-002,,,,,,,,,,,,,,32,3,4.000000e+000,1.747990e-002,0.000000e+000,0,,0,
1708753232.225,,1.000000e+001,1.234763e+001,-1.279179e-003,1.472919e-007,3,7.802212e-001,1.151456e-002,,,,,,,,,,,,,,32,3,4.000000e+000,5.979538e-003,0.000000e+000,0,,0,
1708753435.452,,1.000000e+001,1.285316e+001,-1.279868e-003,1.433713e-007,3,7.805759e-001,1.120204e-002,,,,,,,,,,,,,,32,3,4.000000e+000,8.920670e-003,0.000000e+000,0,,0,
1708753637.390,,1.000000e+001,1.335544e+001,-1.280183e-003,1.706023e-007,3,7.808240e-001,1.332640e-002,,,,,,,,,,,,,,32,3,4.000000e+000,6.310463e-003,0.000000e+000,0,,0,
1708753838.865,,1.000000e+001,1.385675e+001,-1.279967e-003,1.104848e-007,3,7.809699e-001,8.631842e-003,,,,,,,,,,,,,,32,3,4.000000e+000,2.609253e-003,0.000000e+000,0,,0,
1708754040.704,,1.000000e+001,1.434981e+001,-1.279298e-003,1.676630e-007,3,7.810273e-001,1.310586e-002,,,,,,,,,,,,,,32,3,4.000000e+000,9.109497e-003,0.000000e+000,0,,0,
1708754242.310,,1.000000e+001,1.485744e+001,-1.277993e-003,1.377648e-007,3,7.810013e-001,1.077978e-002,,,,,,,,,,,,,,32,3,4.000000e+000,5.300522e-003,0.000000e+000,0,,0,
1708754443.775,,1.000000e+001,1.535511e+001,-1.276174e-003,1.131596e-007,3,7.808946e-001,8.867098e-003,,,,,,,,,,,,,,32,3,4.000000e+000,7.510185e-003,0.000000e+000,0,,0,
1708754643.771,,1.000000e+001,1.585643e+001,-1.273392e-003,1.459081e-007,3,7.806103e-001,1.145823e-002,,,,,,,,,,,,,,32,3,4.000000e+000,4.980087e-003,0.000000e+000,0,,0,
1708754846.002,,1.000000e+001,1.635804e+001,-1.269616e-003,1.888911e-007,3,7.801592e-001,1.487781e-002,,,,,,,,,,,,,,32,3,4.000000e+000,8.430481e-003,0.000000e+000,0,,0,
1708755047.110,,1.000000e+001,1.685993e+001,-1.264561e-003,2.646642e-007,3,7.795143e-001,2.092934e-002,,,,,,,,,,,,,,32,3,4.000000e+000,6.120682e-003,0.000000e+000,0,,0,
1708755249.465,,1.000000e+001,1.736288e+001,-1.257837e-003,2.891151e-007,3,7.786201e-001,2.298510e-002,,,,,,,,,,,,,,32,3,4.000000e+000,5.270004e-003,0.000000e+000,0,,0,
1708755452.798,,1.000000e+001,1.785926e+001,-1.248844e-003,5.930681e-007,3,7.773623e-001,4.748938e-002,,,,,,,,,,,,,,32,3,4.000000e+000,3.877068e-002,0.000000e+000,0,,0,
1708755652.817,,1.000000e+001,1.836314e+001,-1.236405e-003,4.064399e-007,3,7.754973e-001,3.287271e-002,,,,,,,,,,,,,,32,3,4.000000e+000,2.133942e-002,0.000000e+000,0,,0,
1708755855.367,,1.000000e+001,1.886897e+001,-1.219618e-003,6.546865e-007,3,7.728608e-001,5.367963e-002,,,,,,,,,,,,,,32,3,4.000000e+000,7.461548e-003,0.000000e+000,0,,0,
1708756057.558,,1.000000e+001,1.936957e+001,-1.196750e-003,9.404641e-007,3,7.691724e-001,7.858484e-002,,,,,,,,,,,,,,32,3,4.000000e+000,1.348114e-002,0.000000e+000,0,,0,
1708756258.777,,1.000000e+001,1.987498e+001,-1.164867e-003,1.360494e-006,3,7.637108e-001,1.167940e-001,,,,,,,,,,,,,,32,3,4.000000e+000,1.037025e-002,0.000000e+000,0,,0,
1708756460.944,,1.000000e+001,2.037461e+001,-1.118836e-003,1.731680e-006,3,7.552175e-001,1.547751e-001,,,,,,,,,,,,,,32,3,4.000000e+000,4.640579e-003,0.000000e+000,0,,0,
1708756664.563,,1.000000e+001,2.087979e+001,-1.049675e-003,2.923134e-006,3,7.408913e-001,2.784799e-001,,,,,,,,,,,,,,32,3,4.000000e+000,7.249832e-003,0.000000e+000,0,,0,
1708756881.288,,1.000000e+001,2.137916e+001,-9.319181e-004,7.231353e-007,3,7.107794e-001,7.759645e-002,,,,,,,,,,,,,,32,3,4.000000e+000,5.880356e-003,0.000000e+000,0,,0,
1708757085.397,,1.000000e+001,2.187808e+001,-7.392683e-004,6.502447e-006,3,6.413825e-001,8.795787e-001,,,,,,,,,,,,,,32,3,4.000000e+000,1.222038e-002,0.000000e+000,0,,0,
1708757289.164,,1.000000e+001,2.238371e+001,-4.862981e-004,6.137796e-006,3,4.533754e-001,1.262147e+000,,,,,,,,,,,,,,32,3,4.000000e+000,5.449295e-003,0.000000e+000,0,,0,
1708757494.636,,1.000000e+001,2.288636e+001,3.700333e-004,2.016698e-004,3,5.066652e-001,5.450043e+001,,,,,,,,,,,,,,32,3,4.000000e+000,4.709244e-003,0.000000e+000,0,,0,
1708757697.190,,1.000000e+001,2.338824e+001,7.938209e-004,3.680913e-005,3,8.346959e-001,4.636956e+000,,,,,,,,,,,,,,32,3,4.000000e+000,1.174164e-002,0.000000e+000,0,,0,
1708757900.585,,1.000000e+001,2.388984e+001,1.339755e-003,3.152044e-005,3,9.264985e-001,2.352701e+000,,,,,,,,,,,,,,32,3,4.000000e+000,1.014137e-002,0.000000e+000,0,,0,
1708758111.633,,1.000000e+001,2.439234e+001,1.583436e-003,1.570831e-008,3,9.573284e-001,9.920391e-004,,,,,,,,,,,,,,32,3,4.000000e+000,5.241394e-003,0.000000e+000,0,,0,
1708758315.611,,1.000000e+001,2.489577e+001,1.649008e-003,7.270009e-007,3,9.595167e-001,4.408718e-002,,,,,,,,,,,,,,32,3,4.000000e+000,7.591248e-003,0.000000e+000,0,,0,
1708758518.660,,1.000000e+001,2.540114e+001,1.708336e-003,6.341785e-007,3,9.582760e-001,3.712259e-002,,,,,,,,,,,,,,32,3,4.000000e+000,3.370285e-003,0.000000e+000,0,,0,
1708758720.629,,1.000000e+001,2.590103e+001,1.759759e-003,2.953193e-007,3,9.581732e-001,1.678181e-002,,,,,,,,,,,,,,32,3,4.000000e+000,1.043129e-002,0.000000e+000,0,,0,
1708758923.549,,1.000000e+001,2.640217e+001,1.763267e-003,7.496012e-008,3,9.587442e-001,4.251207e-003,,,,,,,,,,,,,,32,3,4.000000e+000,1.077080e-002,0.000000e+000,0,,0,
1708759126.494,,1.000000e+001,2.690285e+001,1.738618e-003,1.977042e-007,3,9.587573e-001,1.137134e-002,,,,,,,,,,,,,,32,3,4.000000e+000,8.649826e-003,0.000000e+000,0,,0,
1708759327.588,,1.000000e+001,2.740762e+001,1.714542e-003,2.431951e-007,3,9.587587e-001,1.418426e-002,,,,,,,,,,,,,,32,3,4.000000e+000,7.629395e-003,0.000000e+000,0,,0,
1708759530.697,,1.000000e+001,2.791087e+001,1.691247e-003,1.889144e-007,3,9.587693e-001,1.117013e-002,,,,,,,,,,,,,,32,3,4.000000e+000,1.312065e-002,0.000000e+000,0,,0,
1708759733.594,,1.000000e+001,2.841355e+001,1.668588e-003,1.524425e-007,3,9.587546e-001,9.136016e-003,,,,,,,,,,,,,,32,3,4.000000e+000,1.486969e-002,0.000000e+000,0,,0,
1708759935.583,,1.000000e+001,2.891260e+001,1.646754e-003,1.776029e-007,3,9.587703e-001,1.078503e-002,,,,,,,,,,,,,,32,3,4.000000e+000,9.740829e-003,0.000000e+000,0,,0,
1708760137.682,,1.000000e+001,2.941252e+001,1.625675e-003,2.816115e-007,3,9.587553e-001,1.732275e-002,,,,,,,,,,,,,,32,3,4.000000e+000,1.144028e-002,0.000000e+000,0,,0,
1708760339.848,,1.000000e+001,2.992108e+001,1.605353e-003,9.905754e-008,3,9.587305e-001,6.170451e-003,,,,,,,,,,,,,,32,3,4.000000e+000,2.059937e-002,0.000000e+000,0,,0,
1708760544.692,,1.000000e+001,3.042240e+001,1.585520e-003,1.898190e-007,3,9.587854e-001,1.197203e-002,,,,,,,,,,,,,,32,3,4.000000e+000,6.050110e-003,0.000000e+000,0,,0,
1708760745.357,,1.000000e+001,3.092306e+001,1.566563e-003,1.932136e-007,3,9.587554e-001,1.233360e-002,,,,,,,,,,,,,,32,3,4.000000e+000,9.319305e-003,0.000000e+000,0,,0,
1708760949.301,,1.000000e+001,3.142515e+001,1.547894e-003,2.097386e-007,3,9.587345e-001,1.354994e-002,,,,,,,,,,,,,,32,3,4.000000e+000,1.274872e-002,0.000000e+000,0,,0,
1708761151.770,,1.000000e+001,3.192686e+001,1.529842e-003,2.101088e-007,3,9.587717e-001,1.373402e-002,,,,,,,,,,,,,,32,3,4.000000e+000,1.145935e-002,0.000000e+000,0,,0,
1708761356.291,,1.000000e+001,3.243070e+001,1.527619e-003,2.642740e-005,3,9.620738e-001,1.729973e+000,,,,,,,,,,,,,,32,3,4.000000e+000,6.721497e-003,0.000000e+000,0,,0,
1708761560.122,,1.000000e+001,3.293000e+001,1.495259e-003,1.169813e-007,3,9.587744e-001,7.823481e-003,,,,,,,,,,,,,,32,3,4.000000e+000,1.723099e-002,0.000000e+000,0,,0,
1708761762.498,,1.000000e+001,3.343599e+001,1.478880e-003,1.400029e-007,3,9.587312e-001,9.466819e-003,,,,,,,,,,,,,,32,3,4.000000e+000,1.766968e-002,0.000000e+000,0,,0,
1708761964.085,,1.000000e+001,3.393970e+001,1.462799e-003,1.966843e-007,3,9.587380e-001,1.344574e-002,,,,,,,,,,,,,,32,3,4.000000e+000,1.268005e-002,0.000000e+000,0,,0,
1708762168.257,,1.000000e+001,3.443584e+001,1.447114e-003,1.819589e-007,3,9.587834e-001,1.257392e-002,,,,,,,,,,,,,,32,3,4.000000e+000,1.299286e-002,0.000000e+000,0,,0,
1708762371.172,,1.000000e+001,3.494411e+001,1.432072e-003,2.345054e-007,3,9.587499e-001,1.637525e-002,,,,,,,,,,,,,,32,3,4.000000e+000,1.520920e-002,0.000000e+000,0,,0,
1708762575.228,,1.000000e+001,3.544287e+001,1.417321e-003,1.902436e-007,3,9.587403e-001,1.342276e-002,,,,,,,,,,,,,,32,3,4.000000e+000,9.742737e-003,0.000000e+000,0,,0,
1708762777.896,,1.000000e+001,3.594193e+001,1.402897e-003,1.988631e-007,3,9.587464e-001,1.417517e-002,,,,,,,,,,,,,,32,3,4.000000e+000,2.590179e-002,0.000000e+000,0,,0,
1708762981.545,,1.000000e+001,3.645213e+001,1.388972e-003,1.390838e-007,3,9.587777e-001,1.001343e-002,,,,,,,,,,,,,,32,3,4.000000e+000,1.020050e-002,0.000000e+000,0,,0,
1708763184.731,,1.000000e+001,3.694462e+001,1.375393e-003,1.263378e-007,3,9.587088e-001,9.185578e-003,,,,,,,,,,,,,,32,3,4.000000e+000,1.042938e-002,0.000000e+000,0,,0,
1708763391.778,,1.000000e+001,3.745153e+001,1.362160e-003,1.522099e-007,3,9.587329e-001,1.117416e-002,,,,,,,,,,,,,,32,3,4.000000e+000,8.529663e-003,0.000000e+000,0,,0,
1708763594.402,,1.000000e+001,3.795601e+001,1.349256e-003,1.811507e-007,3,9.587450e-001,1.342597e-002,,,,,,,,,,,,,,32,3,4.000000e+000,4.367828e-003,0.000000e+000,0,,0,
1708763795.944,,1.000000e+001,3.845548e+001,1.336694e-003,1.469930e-007,3,9.587553e-001,1.099676e-002,,,,,,,,,,,,,,32,3,4.000000e+000,1.783752e-002,0.000000e+000,0,,0,
1708764004.071,,1.000000e+001,3.895780e+001,1.324386e-003,2.165126e-007,3,9.587371e-001,1.634815e-002,,,,,,,,,,,,,,32,3,4.000000e+000,2.051926e-002,0.000000e+000,0,,0,
1708764208.410,,1.000000e+001,3.946111e+001,1.312494e-003,1.312174e-007,3,9.587222e-001,9.997559e-003,,,,,,,,,,,,,,32,3,4.000000e+000,1.629257e-002,0.000000e+000,0,,0,
1708764415.379,,1.000000e+001,3.995560e+001,1.300876e-003,2.296491e-007,3,9.587235e-001,1.765341e-002,,,,,,,,,,,,,,32,3,4.000000e+000,1.427078e-002,0.000000e+000,0,,0,
1708764619.165,,1.000000e+001,4.046423e+001,1.289546e-003,1.454481e-007,3,9.586678e-001,1.127902e-002,,,,,,,,,,,,,,32,3,4.000000e+000,3.157043e-002,0.000000e+000,0,,0,
1708764824.919,,1.000000e+001,4.097145e+001,1.278346e-003,2.427646e-007,3,9.587330e-001,1.899053e-002,,,,,,,,,,,,,,32,3,4.000000e+000,2.478790e-002,0.000000e+000,0,,0,
1708766890.498,,1.000000e+001,4.146205e+001,1.267809e-003,2.059537e-007,3,9.588510e-001,1.624485e-002,,,,,,,,,,,,,,32,3,4.000000e+000,3.036118e-002,0.000000e+000,0,,0,
1708767098.863,,1.000000e+001,4.197298e+001,1.257008e-003,2.475729e-007,3,9.587116e-001,1.969540e-002,,,,,,,,,,,,,,32,3,4.000000e+000,1.033020e-002,0.000000e+000,0,,0,
1708767304.153,,1.000000e+001,4.247532e+001,1.246584e-003,1.075354e-007,3,9.586971e-001,8.626407e-003,,,,,,,,,,,,,,32,3,4.000000e+000,2.109909e-002,0.000000e+000,0,,0,
1708767511.190,,1.000000e+001,4.297244e+001,1.236595e-003,2.471093e-007,3,9.587253e-001,1.998304e-002,,,,,,,,,,,,,,32,3,4.000000e+000,2.419281e-002,0.000000e+000,0,,0,
1708767716.576,,1.000000e+001,4.347626e+001,1.226525e-003,1.344464e-007,3,9.586670e-001,1.096158e-002,,,,,,,,,,,,,,32,3,4.000000e+000,1.861954e-002,0.000000e+000,0,,0,
1708767921.611,,1.000000e+001,4.398109e+001,1.216780e-003,1.716799e-007,3,9.586797e-001,1.410936e-002,,,,,,,,,,,,,,32,3,4.000000e+000,1.004028e-002,0.000000e+000,0,,0,
1708768126.287,,1.000000e+001,4.447944e+001,1.207425e-003,1.280121e-007,3,9.586651e-001,1.060207e-002,,,,,,,,,,,,,,32,3,4.000000e+000,2.388000e-002,0.000000e+000,0,,0,
1708768333.149,,1.000000e+001,4.498823e+001,1.198165e-003,1.879039e-007,3,9.586725e-001,1.568264e-002,,,,,,,,,,,,,,32,3,4.000000e+000,2.548981e-002,0.000000e+000,0,,0,
1708768538.956,,1.000000e+001,4.548715e+001,1.189051e-003,1.944003e-007,3,9.587023e-001,1.634919e-002,,,,,,,,,,,,,,32,3,4.000000e+000,1.298141e-002,0.000000e+000,0,,0,
1708768746.857,,1.000000e+001,4.598940e+001,1.180167e-003,8.739093e-008,3,9.586352e-001,7.404965e-003,,,,,,,,,,,,,,32,3,4.000000e+000,2.641678e-002,0.000000e+000,0,,0,
1708768952.258,,1.000000e+001,4.649694e+001,1.171421e-003,1.500155e-007,3,9.586563e-001,1.280628e-002,,,,,,,,,,,,,,32,3,4.000000e+000,1.955795e-002,0.000000e+000,0,,0,
1708769156.563,,1.000000e+001,4.698970e+001,1.163017e-003,2.038796e-007,3,9.586179e-001,1.753023e-002,,,,,,,,,,,,,,32,3,4.000000e+000,2.987289e-002,0.000000e+000,0,,0,
1708769361.387,,1.000000e+001,4.749746e+001,1.154632e-003,2.028589e-007,3,9.586801e-001,1.756914e-002,,,,,,,,,,,,,,32,3,4.000000e+000,2.532959e-002,0.000000e+000,0,,0,
1708769565.841,,1.000000e+001,4.799329e+001,1.146608e-003,2.383594e-007,3,9.586143e-001,2.078822e-002,,,,,,,,,,,,,,32,3,4.000000e+000,2.188873e-002,0.000000e+000,0,,0,
1708769766.590,,1.000000e+001,4.850252e+001,1.138395e-003,2.107074e-007,3,9.586692e-001,1.850916e-002,,,,,,,,,,,,,,32,3,4.000000e+000,3.147888e-002,0.000000e+000,0,,0,
1708769974.303,,1.000000e+001,4.899811e+001,1.130716e-003,9.637575e-008,3,9.586846e-001,8.523423e-003,,,,,,,,,,,,,,32,3,4.000000e+000,2.001190e-002,0.000000e+000,0,,0,
1708770180.770,,1.000000e+001,4.950394e+001,1.123198e-003,1.773102e-007,3,9.587023e-001,1.578619e-002,,,,,,,,,,,,,,32,3,4.000000e+000,1.358032e-002,0.000000e+000,0,,0,
1708770384.971,,1.000000e+001,5.000673e+001,1.115813e-003,2.908664e-007,3,9.586511e-001,2.606767e-002,,,,,,,,,,,,,,32,3,4.000000e+000,1.934052e-002,0.000000e+000,0,,0,
