[Header]
TITLE,MPMS DC Measurement
BYAPP,MPMS Measurement,2.1,Summary
FILEOPENTIME, 1708945254.916000 2/26/2024, 12:00:54 PM
INFO, APPNAME, MPMS MultiVu Application, Revision 1.61,  Build 082
INFO, NAME, Kristine_NCCO_P_Copenhagen_annealed
INFO, WEIGHT, 0.000
INFO, AREA, 1.000
INFO, LENGTH, 1.000
INFO, SHAPE, 0
INFO, COMMENT, Powder sample
INFO, SEQUENCE FILE: ZFCFC_2_50K_10Oe.seq
INFO, BACKGROUND DATA FILE:, None
STARTUPAXIS,X,4,LINEAR,AUTO,0.000000,0.000000
STARTUPAXIS,Y1,5,LINEAR,AUTO,0.000000,0.000000
STARTUPGROUP,Longitudinal
FIELDGROUP,Longitudinal,1,2,3,4,5,6,7,8,9,15,16,17,18,27,28
FIELDGROUP,Transverse,1,2,3,4,10,11,12,13,14,19,20,21,22,27,28
PLOT_APPEARANCE,ALL,HORZ_GRID_ON,VERT_GRID_ON,MARKERS_AND_LINES
[Data]
Time,Comment,Field (Oe),Temperature (K),Long Moment (emu),Long Scan Std Dev,Long Algorithm,Long Reg Fit,Long Percent Error (%),Trans Moment (emu),Trans Scan Std Dev,Trans Algorithm,Trans Reg Fit,Trans Percent Error (%),Long Moment [w/o ABS] (emu),Long Scan Std Dev [w/o ABS],Long Reg Fit [w/o ABS],Long Percent Error [w/o ABS] (%),Trans Moment [w/o ABS] (emu),Trans Scan Std Dev [w/o ABS],Trans Reg Fit [w/o ABS],Trans Percent Error [w/o ABS] (%),Points per Scan,Scans per Measurement,Scan Length (cm),Delta Temp (K),Rot Position (deg),Error,EC Comp. Running,Using ABS,
1708945254.916,,1.000000e+001,1.796905e+000,-8.757521e-003,1.461953e-005,3,9.934140e-001,1.669368e-001,,,,,,,,,,,,,,32,3,4.000000e+000,7.419586e-004,0.000000e+000,0,,0,
1708945349.280,,1.000000e+001,2.421582e+000,-8.769195e-003,1.252806e-005,3,9.930221e-001,1.428645e-001,,,,,,,,,,,,,,32,3,4.000000e+000,2.059979e-001,0.000000e+000,0,,0,
1708945413.797,,1.000000e+001,2.905593e+000,-8.761308e-003,1.708402e-005,3,9.930446e-001,1.949940e-001,,,,,,,,,,,,,,32,3,4.000000e+000,1.841130e-001,0.000000e+000,0,,0,
1708945479.162,,1.000000e+001,3.394841e+000,-8.757355e-003,1.013173e-005,3,9.930672e-001,1.156939e-001,,,,,,,,,,,,,,32,3,4.000000e+000,1.723962e-001,0.000000e+000,0,,0,
1708945538.617,,1.000000e+001,3.970461e+000,-8.755554e-003,8.800625e-006,3,9.933284e-001,1.005148e-001,,,,,,,,,,,,,,32,3,4.000000e+000,2.194622e-001,0.000000e+000,0,,0,
1708945592.031,,1.000000e+001,4.417811e+000,-8.753795e-003,1.329307e-005,3,9.934192e-001,1.518550e-001,,,,,,,,,,,,,,32,3,4.000000e+000,1.931019e-001,0.000000e+000,0,,0,
1708945657.261,,1.000000e+001,4.930214e+000,-8.753248e-003,8.191809e-006,3,9.933298e-001,9.358593e-002,,,,,,,,,,,,,,32,3,4.000000e+000,1.926432e-001,0.000000e+000,0,,0,
1708945708.680,,1.000000e+001,5.406843e+000,-8.740974e-003,1.243609e-005,3,9.934565e-001,1.422736e-001,,,,,,,,,,,,,,32,3,4.000000e+000,1.638432e-001,0.000000e+000,0,,0,
1708945769.306,,1.000000e+001,5.913296e+000,-8.730676e-003,1.606271e-005,3,9.934304e-001,1.839801e-001,,,,,,,,,,,,,,32,3,4.000000e+000,1.719222e-001,0.000000e+000,0,,0,
1708945829.509,,1.000000e+001,6.421391e+000,-8.712866e-003,1.964854e-005,3,9.934812e-001,2.255118e-001,,,,,,,,,,,,,,32,3,4.000000e+000,1.725073e-001,0.000000e+000,0,,0,
1708945884.969,,1.000000e+001,6.904171e+000,-8.701653e-003,1.228825e-005,3,9.934140e-001,1.412174e-001,,,,,,,,,,,,,,32,3,4.000000e+000,1.459208e-001,0.000000e+000,0,,0,
1708945948.693,,1.000000e+001,7.418466e+000,-8.688317e-003,1.537612e-005,3,9.934112e-001,1.769747e-001,,,,,,,,,,,,,,32,3,4.000000e+000,1.669459e-001,0.000000e+000,0,,0,
1708946008.799,,1.000000e+001,7.916889e+000,-8.674757e-003,1.648488e-005,3,9.933278e-001,1.900328e-001,,,,,,,,,,,,,,32,3,4.000000e+000,1.582580e-001,0.000000e+000,0,,0,
1708946068.302,,1.000000e+001,8.419490e+000,-8.655942e-003,1.467409e-005,3,9.933203e-001,1.695262e-001,,,,,,,,,,,,,,32,3,4.000000e+000,1.591396e-001,0.000000e+000,0,,0,
1708946127.421,,1.000000e+001,8.906691e+000,-8.632609e-003,1.595495e-005,3,9.932984e-001,1.848219e-001,,,,,,,,,,,,,,32,3,4.000000e+000,1.529741e-001,0.000000e+000,0,,0,
1708946190.541,,1.000000e+001,9.425681e+000,-8.614628e-003,1.473688e-005,3,9.932615e-001,1.710681e-001,,,,,,,,,,,,,,32,3,4.000000e+000,1.622372e-001,0.000000e+000,0,,0,
1708946246.250,,1.000000e+001,9.913861e+000,-8.591324e-003,1.600903e-005,3,9.932702e-001,1.863395e-001,,,,,,,,,,,,,,32,3,4.000000e+000,1.570044e-001,0.000000e+000,0,,0,
1708946308.856,,1.000000e+001,1.042211e+001,-8.566556e-003,1.640914e-005,3,9.933067e-001,1.915489e-001,,,,,,,,,,,,,,32,3,4.000000e+000,1.634903e-001,0.000000e+000,0,,0,
1708946371.303,,1.000000e+001,1.092827e+001,-8.548011e-003,1.485613e-005,3,9.933881e-001,1.737963e-001,,,,,,,,,,,,,,32,3,4.000000e+000,1.718607e-001,0.000000e+000,0,,0,
1708946432.580,,1.000000e+001,1.143124e+001,-8.519503e-003,1.749152e-005,3,9.934048e-001,2.053115e-001,,,,,,,,,,,,,,32,3,4.000000e+000,1.750002e-001,0.000000e+000,0,,0,
1708946496.500,,1.000000e+001,1.194378e+001,-8.495625e-003,1.876675e-005,3,9.933908e-001,2.208990e-001,,,,,,,,,,,,,,32,3,4.000000e+000,1.961594e-001,0.000000e+000,0,,0,
1708946556.603,,1.000000e+001,1.245015e+001,-8.461260e-003,1.970380e-005,3,9.934897e-001,2.328708e-001,,,,,,,,,,,,,,32,3,4.000000e+000,1.766100e-001,0.000000e+000,0,,0,
1708946615.317,,1.000000e+001,1.294015e+001,-8.426599e-003,1.676756e-005,3,9.934242e-001,1.989837e-001,,,,,,,,,,,,,,32,3,4.000000e+000,1.827002e-001,0.000000e+000,0,,0,
1708946675.292,,1.000000e+001,1.344562e+001,-8.386726e-003,1.800291e-005,3,9.934492e-001,2.146595e-001,,,,,,,,,,,,,,32,3,4.000000e+000,1.885099e-001,0.000000e+000,0,,0,
1708946734.740,,1.000000e+001,1.394217e+001,-8.345634e-003,1.787812e-005,3,9.933860e-001,2.142213e-001,,,,,,,,,,,,,,32,3,4.000000e+000,1.744299e-001,0.000000e+000,0,,0,
1708946794.333,,1.000000e+001,1.444278e+001,-8.293471e-003,1.761552e-005,3,9.934326e-001,2.124023e-001,,,,,,,,,,,,,,32,3,4.000000e+000,1.751204e-001,0.000000e+000,0,,0,
1708946855.343,,1.000000e+001,1.494911e+001,-8.243904e-003,1.786072e-005,3,9.933857e-001,2.166536e-001,,,,,,,,,,,,,,32,3,4.000000e+000,1.863098e-001,0.000000e+000,0,,0,
1708946916.727,,1.000000e+001,1.545680e+001,-8.179192e-003,2.075988e-005,3,9.934144e-001,2.538133e-001,,,,,,,,,,,,,,32,3,4.000000e+000,1.804399e-001,0.000000e+000,0,,0,
1708946976.198,,1.000000e+001,1.595516e+001,-8.109652e-003,2.117886e-005,3,9.934087e-001,2.611562e-001,,,,,,,,,,,,,,32,3,4.000000e+000,1.771402e-001,0.000000e+000,0,,0,
1708947035.416,,1.000000e+001,1.645206e+001,-8.034343e-003,2.476459e-005,3,9.934331e-001,3.082342e-001,,,,,,,,,,,,,,32,3,4.000000e+000,1.786613e-001,0.000000e+000,0,,0,
1708947095.289,,1.000000e+001,1.695634e+001,-7.939268e-003,2.623952e-005,3,9.934142e-001,3.305030e-001,,,,,,,,,,,,,,32,3,4.000000e+000,1.650505e-001,0.000000e+000,0,,0,
1708947156.196,,1.000000e+001,1.746308e+001,-7.832612e-003,2.762951e-005,3,9.934214e-001,3.527497e-001,,,,,,,,,,,,,,32,3,4.000000e+000,1.656208e-001,0.000000e+000,0,,0,
1708947216.317,,1.000000e+001,1.795818e+001,-7.715139e-003,3.178689e-005,3,9.933674e-001,4.120067e-001,,,,,,,,,,,,,,32,3,4.000000e+000,1.753407e-001,0.000000e+000,0,,0,
1708947275.377,,1.000000e+001,1.845433e+001,-7.573653e-003,3.235931e-005,3,9.932900e-001,4.272616e-001,,,,,,,,,,,,,,32,3,4.000000e+000,1.762104e-001,0.000000e+000,0,,0,
1708947337.080,,1.000000e+001,1.896495e+001,-7.401102e-003,3.613979e-005,3,9.932898e-001,4.883029e-001,,,,,,,,,,,,,,32,3,4.000000e+000,1.813011e-001,0.000000e+000,0,,0,
1708947398.168,,1.000000e+001,1.947347e+001,-7.203205e-003,4.288706e-005,3,9.932408e-001,5.953887e-001,,,,,,,,,,,,,,32,3,4.000000e+000,1.781902e-001,0.000000e+000,0,,0,
1708947456.944,,1.000000e+001,1.997155e+001,-6.965255e-003,4.708584e-005,3,9.932405e-001,6.760103e-001,,,,,,,,,,,,,,32,3,4.000000e+000,1.643200e-001,0.000000e+000,0,,0,
1708947517.560,,1.000000e+001,2.047017e+001,-6.678905e-003,5.314668e-005,3,9.931767e-001,7.957394e-001,,,,,,,,,,,,,,32,3,4.000000e+000,1.674500e-001,0.000000e+000,0,,0,
1708947583.696,,1.000000e+001,2.102649e+001,-6.266056e-003,5.248332e-005,3,9.932736e-001,8.375815e-001,,,,,,,,,,,,,,32,3,4.000000e+000,1.597900e-001,0.000000e+000,0,,0,
1708947639.388,,1.000000e+001,2.148783e+001,-5.864664e-003,7.852056e-005,3,9.930350e-001,1.338876e+000,,,,,,,,,,,,,,32,3,4.000000e+000,1.734810e-001,0.000000e+000,0,,0,
1708947699.380,,1.000000e+001,2.198495e+001,-5.302387e-003,9.531702e-005,3,9.928663e-001,1.797625e+000,,,,,,,,,,,,,,32,3,4.000000e+000,1.777401e-001,0.000000e+000,0,,0,
1708947759.097,,1.000000e+001,2.248341e+001,-4.574087e-003,1.222370e-004,3,9.926597e-001,2.672381e+000,,,,,,,,,,,,,,32,3,4.000000e+000,1.883183e-001,0.000000e+000,0,,0,
1708947819.032,,1.000000e+001,2.298500e+001,-3.660714e-003,1.394748e-004,3,9.921050e-001,3.810042e+000,,,,,,,,,,,,,,32,3,4.000000e+000,1.755486e-001,0.000000e+000,0,,0,
1708947899.331,,1.000000e+001,2.365907e+001,-2.222486e-003,1.325984e-004,3,9.908505e-001,5.966223e+000,,,,,,,,,,,,,,32,3,4.000000e+000,1.613503e-001,0.000000e+000,0,,0,
1708947939.941,,1.000000e+001,2.399133e+001,-1.535636e-003,1.362510e-004,3,9.898701e-001,8.872615e+000,,,,,,,,,,,,,,32,3,4.000000e+000,1.868095e-001,0.000000e+000,0,,0,
1708948006.391,,1.000000e+001,2.454907e+001,-6.098598e-004,7.434468e-005,3,9.868162e-001,1.219045e+001,,,,,,,,,,,,,,32,3,4.000000e+000,1.760101e-001,0.000000e+000,0,,0,
1708948068.745,,1.000000e+001,2.505679e+001,-1.720504e-004,3.510565e-005,3,9.849069e-001,2.040429e+001,,,,,,,,,,,,,,32,3,4.000000e+000,1.744194e-001,0.000000e+000,0,,0,
1708948130.549,,1.000000e+001,2.556576e+001,-9.264540e-006,1.030547e-005,2,6.351057e-001,1.112357e+002,,,,,,,,,,,,,,32,3,4.000000e+000,1.769295e-001,0.000000e+000,0,,0,
1708948179.509,,1.000000e+001,2.598927e+001,2.726432e-005,1.716437e-006,3,9.912479e-001,6.295543e+000,,,,,,,,,,,,,,32,3,4.000000e+000,1.655388e-001,0.000000e+000,0,,0,
1708948241.474,,1.000000e+001,2.650614e+001,3.010757e-005,1.002069e-007,3,9.915733e-001,3.328295e-001,,,,,,,,,,,,,,32,3,4.000000e+000,1.806602e-001,0.000000e+000,0,,0,
1708948300.586,,1.000000e+001,2.700056e+001,2.987513e-005,6.243570e-008,3,9.918482e-001,2.089889e-001,,,,,,,,,,,,,,32,3,4.000000e+000,1.664505e-001,0.000000e+000,0,,0,
1708948361.042,,1.000000e+001,2.749897e+001,2.958248e-005,8.407839e-008,3,9.916427e-001,2.842169e-001,,,,,,,,,,,,,,32,3,4.000000e+000,1.830101e-001,0.000000e+000,0,,0,
1708948420.866,,1.000000e+001,2.800082e+001,2.928445e-005,1.096009e-007,3,9.918097e-001,3.742633e-001,,,,,,,,,,,,,,32,3,4.000000e+000,1.700401e-001,0.000000e+000,0,,0,
1708948482.830,,1.000000e+001,2.851210e+001,2.899670e-005,7.390756e-008,3,9.920053e-001,2.548827e-001,,,,,,,,,,,,,,32,3,4.000000e+000,1.915112e-001,0.000000e+000,0,,0,
1708948545.450,,1.000000e+001,2.900845e+001,2.872728e-005,6.530936e-008,3,9.914950e-001,2.273427e-001,,,,,,,,,,,,,,32,3,4.000000e+000,1.957207e-001,0.000000e+000,0,,0,
1708948601.233,,1.000000e+001,2.950990e+001,2.848607e-005,8.982642e-008,3,9.909918e-001,3.153345e-001,,,,,,,,,,,,,,32,3,4.000000e+000,1.668396e-001,0.000000e+000,0,,0,
1708948661.276,,1.000000e+001,3.001107e+001,2.821873e-005,1.062466e-007,3,9.914511e-001,3.765108e-001,,,,,,,,,,,,,,32,3,4.000000e+000,1.718388e-001,0.000000e+000,0,,0,
1708948722.704,,1.000000e+001,3.051598e+001,2.795990e-005,5.487418e-008,3,9.917032e-001,1.962603e-001,,,,,,,,,,,,,,32,3,4.000000e+000,1.763000e-001,0.000000e+000,0,,0,
1708948781.983,,1.000000e+001,3.101293e+001,2.768556e-005,8.958538e-008,3,9.918013e-001,3.235817e-001,,,,,,,,,,,,,,32,3,4.000000e+000,1.685486e-001,0.000000e+000,0,,0,
1708948842.788,,1.000000e+001,3.151557e+001,2.746112e-005,4.357195e-008,3,9.914996e-001,1.586678e-001,,,,,,,,,,,,,,32,3,4.000000e+000,1.827297e-001,0.000000e+000,0,,0,
1708948903.467,,1.000000e+001,3.201854e+001,2.722177e-005,7.701129e-008,3,9.914301e-001,2.829033e-001,,,,,,,,,,,,,,32,3,4.000000e+000,1.595516e-001,0.000000e+000,0,,0,
1708948963.110,,1.000000e+001,3.251382e+001,2.697770e-005,8.806845e-008,3,9.915783e-001,3.264491e-001,,,,,,,,,,,,,,32,3,4.000000e+000,1.670494e-001,0.000000e+000,0,,0,
1708949023.418,,1.000000e+001,3.301987e+001,2.677274e-005,7.114937e-008,3,9.911974e-001,2.657531e-001,,,,,,,,,,,,,,32,3,4.000000e+000,1.696091e-001,0.000000e+000,0,,0,
1708949083.969,,1.000000e+001,3.352875e+001,2.658740e-005,1.134466e-007,3,9.915209e-001,4.266930e-001,,,,,,,,,,,,,,32,3,4.000000e+000,1.775284e-001,0.000000e+000,0,,0,
1708949144.132,,1.000000e+001,3.402509e+001,2.635628e-005,1.156609e-007,3,9.919323e-001,4.388362e-001,,,,,,,,,,,,,,32,3,4.000000e+000,1.745605e-001,0.000000e+000,0,,0,
1708949202.310,,1.000000e+001,3.451212e+001,2.617167e-005,7.103034e-008,3,9.919875e-001,2.714016e-001,,,,,,,,,,,,,,32,3,4.000000e+000,1.564178e-001,0.000000e+000,0,,0,
1708949264.365,,1.000000e+001,3.503371e+001,2.598655e-005,7.396194e-008,3,9.916925e-001,2.846162e-001,,,,,,,,,,,,,,32,3,4.000000e+000,1.832771e-001,0.000000e+000,0,,0,
1708949325.041,,1.000000e+001,3.553882e+001,2.572871e-005,8.367766e-008,3,9.916199e-001,3.252307e-001,,,,,,,,,,,,,,32,3,4.000000e+000,1.583595e-001,0.000000e+000,0,,0,
1708949385.571,,1.000000e+001,3.604017e+001,2.555763e-005,6.562155e-008,3,9.919066e-001,2.567592e-001,,,,,,,,,,,,,,32,3,4.000000e+000,1.920700e-001,0.000000e+000,0,,0,
1708949445.277,,1.000000e+001,3.653768e+001,2.540538e-005,6.686368e-008,3,9.917274e-001,2.631871e-001,,,,,,,,,,,,,,32,3,4.000000e+000,1.760521e-001,0.000000e+000,0,,0,
1708949506.384,,1.000000e+001,3.704258e+001,2.519187e-005,5.306325e-008,3,9.912624e-001,2.106365e-001,,,,,,,,,,,,,,32,3,4.000000e+000,1.885490e-001,0.000000e+000,0,,0,
1708949567.058,,1.000000e+001,3.755639e+001,2.502357e-005,6.869642e-008,3,9.912063e-001,2.745269e-001,,,,,,,,,,,,,,32,3,4.000000e+000,1.671829e-001,0.000000e+000,0,,0,
1708949625.113,,1.000000e+001,3.803313e+001,2.486662e-005,8.411674e-008,3,9.922023e-001,3.382717e-001,,,,,,,,,,,,,,32,3,4.000000e+000,1.582718e-001,0.000000e+000,0,,0,
1708949687.520,,1.000000e+001,3.855688e+001,2.466468e-005,6.426931e-008,3,9.921882e-001,2.605722e-001,,,,,,,,,,,,,,32,3,4.000000e+000,1.836700e-001,0.000000e+000,0,,0,
1708949746.815,,1.000000e+001,3.905378e+001,2.457217e-005,1.257814e-007,3,9.912638e-001,5.118854e-001,,,,,,,,,,,,,,32,3,4.000000e+000,1.646576e-001,0.000000e+000,0,,0,
1708949806.287,,1.000000e+001,3.954748e+001,2.437925e-005,7.521419e-008,3,9.910050e-001,3.085172e-001,,,,,,,,,,,,,,32,3,4.000000e+000,1.589012e-001,0.000000e+000,0,,0,
1708949868.589,,1.000000e+001,4.006330e+001,2.423874e-005,8.164218e-008,3,9.912958e-001,3.368252e-001,,,,,,,,,,,,,,32,3,4.000000e+000,1.910591e-001,0.000000e+000,0,,0,
1708949927.322,,1.000000e+001,4.055269e+001,2.409267e-005,6.212348e-008,3,9.912103e-001,2.578523e-001,,,,,,,,,,,,,,32,3,4.000000e+000,1.584587e-001,0.000000e+000,0,,0,
1708949985.047,,1.000000e+001,4.104064e+001,2.393241e-005,4.080802e-008,3,9.920123e-001,1.705136e-001,,,,,,,,,,,,,,32,3,4.000000e+000,1.542320e-001,0.000000e+000,0,,0,
1708950047.250,,1.000000e+001,4.155931e+001,2.377972e-005,3.847317e-008,3,9.920578e-001,1.617899e-001,,,,,,,,,,,,,,32,3,4.000000e+000,1.752625e-001,0.000000e+000,0,,0,
1708950107.852,,1.000000e+001,4.205975e+001,2.363145e-005,1.242748e-007,3,9.912479e-001,5.258875e-001,,,,,,,,,,,,,,32,3,4.000000e+000,1.840706e-001,0.000000e+000,0,,0,
1708950169.188,,1.000000e+001,4.257134e+001,2.350970e-005,5.199329e-008,3,9.921052e-001,2.211567e-001,,,,,,,,,,,,,,32,3,4.000000e+000,1.799622e-001,0.000000e+000,0,,0,
1708950228.965,,1.000000e+001,4.307303e+001,2.337473e-005,5.797549e-008,3,9.914306e-001,2.480263e-001,,,,,,,,,,,,,,32,3,4.000000e+000,1.726418e-001,0.000000e+000,0,,0,
1708950288.586,,1.000000e+001,4.356776e+001,2.323229e-005,3.755804e-008,3,9.913154e-001,1.616631e-001,,,,,,,,,,,,,,32,3,4.000000e+000,1.725998e-001,0.000000e+000,0,,0,
1708950348.909,,1.000000e+001,4.407491e+001,2.312809e-005,7.981637e-008,3,9.909051e-001,3.451057e-001,,,,,,,,,,,,,,32,3,4.000000e+000,1.859894e-001,0.000000e+000,0,,0,
1708950407.088,,1.000000e+001,4.455825e+001,2.295102e-005,4.594191e-008,3,9.916019e-001,2.001737e-001,,,,,,,,,,,,,,32,3,4.000000e+000,1.687889e-001,0.000000e+000,0,,0,
1708950469.236,,1.000000e+001,4.507608e+001,2.287438e-005,8.346161e-008,3,9.915729e-001,3.648695e-001,,,,,,,,,,,,,,32,3,4.000000e+000,1.684799e-001,0.000000e+000,0,,0,
1708950528.460,,1.000000e+001,4.556556e+001,2.273681e-005,8.398667e-008,3,9.919138e-001,3.693863e-001,,,,,,,,,,,,,,32,3,4.000000e+000,1.692009e-001,0.000000e+000,0,,0,
1708950588.411,,1.000000e+001,4.606720e+001,2.260528e-005,4.613623e-008,3,9.917147e-001,2.040950e-001,,,,,,,,,,,,,,32,3,4.000000e+000,1.565208e-001,0.000000e+000,0,,0,
1708950649.229,,1.000000e+001,4.658128e+001,2.253434e-005,5.274808e-008,3,9.914241e-001,2.340787e-001,,,,,,,,,,,,,,32,3,4.000000e+000,1.594200e-001,0.000000e+000,0,,0,
1708950710.403,,1.000000e+001,4.707553e+001,2.242084e-005,5.061424e-008,3,9.909999e-001,2.257464e-001,,,,,,,,,,,,,,32,3,4.000000e+000,1.634903e-001,0.000000e+000,0,,0,
1708950772.147,,1.000000e+001,4.759838e+001,2.227251e-005,4.952602e-008,3,9.908237e-001,2.223639e-001,,,,,,,,,,,,,,32,3,4.000000e+000,1.995201e-001,0.000000e+000,0,,0,
1708950830.868,,1.000000e+001,4.809079e+001,2.216757e-005,1.019050e-007,3,9.907780e-001,4.597029e-001,,,,,,,,,,,,,,32,3,4.000000e+000,1.822319e-001,0.000000e+000,0,,0,
1708950891.925,,1.000000e+001,4.860218e+001,2.204109e-005,4.814658e-008,3,9.905908e-001,2.184401e-001,,,,,,,,,,,,,,32,3,4.000000e+000,1.618080e-001,0.000000e+000,0,,0,
1708950951.229,,1.000000e+001,4.909328e+001,2.193770e-005,1.022303e-007,3,9.911647e-001,4.660030e-001,,,,,,,,,,,,,,32,3,4.000000e+000,1.794014e-001,0.000000e+000,0,,0,
1708951011.324,,1.000000e+001,4.959601e+001,2.188546e-005,6.512568e-008,3,9.912514e-001,2.975751e-001,,,,,,,,,,,,,,32,3,4.000000e+000,1.824913e-001,0.000000e+000,0,,0,
1708951264.509,,1.000000e+001,5.000374e+001,2.174299e-005,1.410880e-007,3,9.898510e-001,6.488897e-001,,,,,,,,,,,,,,32,3,4.000000e+000,3.866959e-002,0.000000e+000,0,,0,
1708957039.376,,1.000000e+001,1.800330e+000,-6.370924e-004,1.512800e-006,3,9.604515e-001,2.374538e-001,,,,,,,,,,,,,,32,3,4.000000e+000,1.106977e-003,0.000000e+000,0,,0,
1708957149.030,,1.000000e+001,2.458430e+000,-6.424005e-004,2.752734e-007,3,9.605665e-001,4.285075e-002,,,,,,,,,,,,,,32,3,4.000000e+000,2.500219e-001,0.000000e+000,0,,0,
1708957202.715,,1.000000e+001,2.900302e+000,-6.458341e-004,1.292144e-006,3,9.606912e-001,2.000737e-001,,,,,,,,,,,,,,32,3,4.000000e+000,1.718819e-001,0.000000e+000,0,,0,
1708957270.586,,1.000000e+001,3.395557e+000,-6.519859e-004,1.498027e-006,3,9.611857e-001,2.297638e-001,,,,,,,,,,,,,,32,3,4.000000e+000,1.632400e-001,0.000000e+000,0,,0,
1708957340.237,,1.000000e+001,3.896627e+000,-6.551719e-004,1.130960e-006,3,9.614769e-001,1.726204e-001,,,,,,,,,,,,,,32,3,4.000000e+000,1.639481e-001,0.000000e+000,0,,0,
1708957417.979,,1.000000e+001,4.389302e+000,-6.583936e-004,7.206496e-007,3,9.617198e-001,1.094557e-001,,,,,,,,,,,,,,32,3,4.000000e+000,1.343298e-001,0.000000e+000,0,,0,
1708957507.904,,1.000000e+001,5.046768e+000,-6.642826e-004,8.784311e-008,3,9.614335e-001,1.322376e-002,,,,,,,,,,,,,,32,3,4.000000e+000,2.181864e-001,0.000000e+000,0,,0,
1708957547.878,,1.000000e+001,5.419647e+000,-6.670235e-004,3.348911e-007,3,9.616127e-001,5.020678e-002,,,,,,,,,,,,,,32,3,4.000000e+000,1.912270e-001,0.000000e+000,0,,0,
1708957601.838,,1.000000e+001,5.899187e+000,-6.691084e-004,7.648612e-008,3,9.617487e-001,1.143105e-002,,,,,,,,,,,,,,32,3,4.000000e+000,1.588011e-001,0.000000e+000,0,,0,
1708957662.553,,1.000000e+001,6.395802e+000,-6.729141e-004,1.896220e-007,3,9.619574e-001,2.817922e-002,,,,,,,,,,,,,,32,3,4.000000e+000,1.578403e-001,0.000000e+000,0,,0,
1708957724.301,,1.000000e+001,6.908810e+000,-6.755567e-004,3.241476e-007,3,9.620134e-001,4.798229e-002,,,,,,,,,,,,,,32,3,4.000000e+000,1.650710e-001,0.000000e+000,0,,0,
1708957782.882,,1.000000e+001,7.404054e+000,-6.775181e-004,4.011468e-007,3,9.621019e-001,5.920828e-002,,,,,,,,,,,,,,32,3,4.000000e+000,1.478848e-001,0.000000e+000,0,,0,
1708957843.024,,1.000000e+001,7.901615e+000,-6.782098e-004,7.587516e-007,3,9.622614e-001,1.118757e-001,,,,,,,,,,,,,,32,3,4.000000e+000,1.487961e-001,0.000000e+000,0,,0,
1708957904.165,,1.000000e+001,8.411853e+000,-6.799768e-004,4.595004e-007,3,9.622906e-001,6.757589e-002,,,,,,,,,,,,,,32,3,4.000000e+000,1.619148e-001,0.000000e+000,0,,0,
1708957964.530,,1.000000e+001,8.915641e+000,-6.814911e-004,7.702002e-007,3,9.624026e-001,1.130169e-001,,,,,,,,,,,,,,32,3,4.000000e+000,1.646805e-001,0.000000e+000,0,,0,
1708958026.272,,1.000000e+001,9.425229e+000,-6.821530e-004,3.781915e-007,3,9.625035e-001,5.544087e-002,,,,,,,,,,,,,,32,3,4.000000e+000,1.586313e-001,0.000000e+000,0,,0,
1708958084.510,,1.000000e+001,9.918438e+000,-6.820757e-004,7.246472e-007,3,9.625421e-001,1.062415e-001,,,,,,,,,,,,,,32,3,4.000000e+000,1.652031e-001,0.000000e+000,0,,0,
1708958147.250,,1.000000e+001,1.042157e+001,-6.821609e-004,7.369787e-007,3,9.625368e-001,1.080359e-001,,,,,,,,,,,,,,32,3,4.000000e+000,1.656799e-001,0.000000e+000,0,,0,
1708958208.785,,1.000000e+001,1.091964e+001,-6.821108e-004,7.287995e-007,3,9.626203e-001,1.068447e-001,,,,,,,,,,,,,,32,3,4.000000e+000,1.573706e-001,0.000000e+000,0,,0,
1708958272.585,,1.000000e+001,1.143721e+001,-6.820643e-004,1.453811e-006,3,9.627185e-001,2.131487e-001,,,,,,,,,,,,,,32,3,4.000000e+000,1.837902e-001,0.000000e+000,0,,0,
1708958336.068,,1.000000e+001,1.194659e+001,-6.812924e-004,3.092922e-007,3,9.627253e-001,4.539786e-002,,,,,,,,,,,,,,32,3,4.000000e+000,1.883602e-001,0.000000e+000,0,,0,
1708958397.019,,1.000000e+001,1.245692e+001,-6.828231e-004,7.352074e-007,3,9.630110e-001,1.076717e-001,,,,,,,,,,,,,,32,3,4.000000e+000,1.732492e-001,0.000000e+000,0,,0,
1708958454.297,,1.000000e+001,1.294490e+001,-6.836549e-004,8.947605e-007,3,9.631121e-001,1.308790e-001,,,,,,,,,,,,,,32,3,4.000000e+000,1.523199e-001,0.000000e+000,0,,0,
1708958516.720,,1.000000e+001,1.345406e+001,-6.828006e-004,5.122214e-007,3,9.631500e-001,7.501772e-002,,,,,,,,,,,,,,32,3,4.000000e+000,1.831398e-001,0.000000e+000,0,,0,
1708958574.515,,1.000000e+001,1.394691e+001,-6.809332e-004,2.664925e-007,3,9.631391e-001,3.913636e-002,,,,,,,,,,,,,,32,3,4.000000e+000,1.853294e-001,0.000000e+000,0,,0,
1708958635.400,,1.000000e+001,1.444475e+001,-6.793457e-004,4.527808e-007,3,9.631882e-001,6.664954e-002,,,,,,,,,,,,,,32,3,4.000000e+000,1.794796e-001,0.000000e+000,0,,0,
1708958695.957,,1.000000e+001,1.495637e+001,-6.772585e-004,1.775614e-006,3,9.632855e-001,2.621768e-001,,,,,,,,,,,,,,32,3,4.000000e+000,1.666508e-001,0.000000e+000,0,,0,
1708958755.041,,1.000000e+001,1.544935e+001,-6.734992e-004,1.616209e-006,3,9.632136e-001,2.399719e-001,,,,,,,,,,,,,,32,3,4.000000e+000,1.735697e-001,0.000000e+000,0,,0,
1708958816.329,,1.000000e+001,1.596237e+001,-6.706530e-004,1.795001e-006,3,9.632239e-001,2.676498e-001,,,,,,,,,,,,,,32,3,4.000000e+000,1.731892e-001,0.000000e+000,0,,0,
1708958874.735,,1.000000e+001,1.644975e+001,-6.680987e-004,1.273060e-006,3,9.633534e-001,1.905497e-001,,,,,,,,,,,,,,32,3,4.000000e+000,1.733303e-001,0.000000e+000,0,,0,
1708958936.281,,1.000000e+001,1.696312e+001,-6.656745e-004,1.997412e-006,3,9.634702e-001,3.000584e-001,,,,,,,,,,,,,,32,3,4.000000e+000,1.796894e-001,0.000000e+000,0,,0,
1708958995.275,,1.000000e+001,1.745362e+001,-6.632293e-004,9.417814e-007,3,9.636381e-001,1.419994e-001,,,,,,,,,,,,,,32,3,4.000000e+000,1.655102e-001,0.000000e+000,0,,0,
1708959056.268,,1.000000e+001,1.796302e+001,-6.587720e-004,5.972033e-007,3,9.637196e-001,9.065402e-002,,,,,,,,,,,,,,32,3,4.000000e+000,1.617603e-001,0.000000e+000,0,,0,
1708959115.214,,1.000000e+001,1.845704e+001,-6.548270e-004,1.167587e-006,3,9.637907e-001,1.783047e-001,,,,,,,,,,,,,,32,3,4.000000e+000,1.670799e-001,0.000000e+000,0,,0,
1708959176.188,,1.000000e+001,1.895660e+001,-6.487458e-004,2.161770e-006,3,9.637697e-001,3.332230e-001,,,,,,,,,,,,,,32,3,4.000000e+000,1.674709e-001,0.000000e+000,0,,0,
1708959238.160,,1.000000e+001,1.947801e+001,-6.397124e-004,2.494167e-006,3,9.637640e-001,3.898888e-001,,,,,,,,,,,,,,32,3,4.000000e+000,1.767597e-001,0.000000e+000,0,,0,
1708959299.252,,1.000000e+001,1.997993e+001,-6.313903e-004,2.252345e-006,3,9.638693e-001,3.567278e-001,,,,,,,,,,,,,,32,3,4.000000e+000,1.920910e-001,0.000000e+000,0,,0,
1708959357.345,,1.000000e+001,2.047096e+001,-6.209143e-004,2.701862e-006,3,9.638503e-001,4.351425e-001,,,,,,,,,,,,,,32,3,4.000000e+000,1.729393e-001,0.000000e+000,0,,0,
1708959419.354,,1.000000e+001,2.098432e+001,-6.072224e-004,2.680783e-006,3,9.639023e-001,4.414829e-001,,,,,,,,,,,,,,32,3,4.000000e+000,1.739101e-001,0.000000e+000,0,,0,
1708959478.722,,1.000000e+001,2.147811e+001,-5.879893e-004,3.372060e-006,3,9.638175e-001,5.734900e-001,,,,,,,,,,,,,,32,3,4.000000e+000,1.802006e-001,0.000000e+000,0,,0,
1708959539.213,,1.000000e+001,2.198495e+001,-5.651710e-004,3.984432e-006,3,9.638287e-001,7.049959e-001,,,,,,,,,,,,,,32,3,4.000000e+000,1.838512e-001,0.000000e+000,0,,0,
1708959598.771,,1.000000e+001,2.248234e+001,-5.354817e-004,5.325673e-006,3,9.638877e-001,9.945574e-001,,,,,,,,,,,,,,32,3,4.000000e+000,1.781998e-001,0.000000e+000,0,,0,
1708959657.651,,1.000000e+001,2.297455e+001,-4.978655e-004,6.999861e-006,3,9.640214e-001,1.405974e+000,,,,,,,,,,,,,,32,3,4.000000e+000,1.716805e-001,0.000000e+000,0,,0,
1708959718.635,,1.000000e+001,2.348682e+001,-4.464962e-004,8.128774e-006,3,9.645541e-001,1.820570e+000,,,,,,,,,,,,,,32,3,4.000000e+000,1.703396e-001,0.000000e+000,0,,0,
1708959780.056,,1.000000e+001,2.399643e+001,-3.760495e-004,1.173860e-005,3,9.658199e-001,3.121557e+000,,,,,,,,,,,,,,32,3,4.000000e+000,1.674500e-001,0.000000e+000,0,,0,
1708959840.551,,1.000000e+001,2.449123e+001,-2.715267e-004,1.775336e-005,3,9.701840e-001,6.538346e+000,,,,,,,,,,,,,,32,3,4.000000e+000,1.805706e-001,0.000000e+000,0,,0,
1708959907.677,,1.000000e+001,2.505442e+001,-1.177229e-004,1.733667e-005,3,9.783061e-001,1.472668e+001,,,,,,,,,,,,,,32,3,4.000000e+000,1.853504e-001,0.000000e+000,0,,0,
1708959966.731,,1.000000e+001,2.555423e+001,-1.006894e-005,7.976760e-006,3,8.459166e-001,7.922146e+001,,,,,,,,,,,,,,32,3,4.000000e+000,1.631985e-001,0.000000e+000,0,,0,
1708960020.834,,1.000000e+001,2.600248e+001,2.759902e-005,1.514469e-006,3,9.917147e-001,5.487403e+000,,,,,,,,,,,,,,32,3,4.000000e+000,1.668301e-001,0.000000e+000,0,,0,
1708960080.949,,1.000000e+001,2.650553e+001,3.008954e-005,6.390214e-008,3,9.915976e-001,2.123732e-001,,,,,,,,,,,,,,32,3,4.000000e+000,1.794796e-001,0.000000e+000,0,,0,
1708960139.905,,1.000000e+001,2.699167e+001,2.984142e-005,6.588371e-008,3,9.912634e-001,2.207794e-001,,,,,,,,,,,,,,32,3,4.000000e+000,1.712894e-001,0.000000e+000,0,,0,
1708960200.321,,1.000000e+001,2.749427e+001,2.957025e-005,6.415358e-008,3,9.912462e-001,2.169532e-001,,,,,,,,,,,,,,32,3,4.000000e+000,1.714802e-001,0.000000e+000,0,,0,
1708960259.897,,1.000000e+001,2.799554e+001,2.931238e-005,7.493615e-008,3,9.915280e-001,2.556468e-001,,,,,,,,,,,,,,32,3,4.000000e+000,1.634598e-001,0.000000e+000,0,,0,
1708960352.577,,1.000000e+001,2.876687e+001,2.877774e-005,5.980737e-008,3,9.915513e-001,2.078251e-001,,,,,,,,,,,,,,32,3,4.000000e+000,1.805706e-001,0.000000e+000,0,,0,
1708960381.052,,1.000000e+001,2.900657e+001,2.868323e-005,9.181395e-008,3,9.914929e-001,3.200962e-001,,,,,,,,,,,,,,32,3,4.000000e+000,1.774883e-001,0.000000e+000,0,,0,
1708960444.500,,1.000000e+001,2.952097e+001,2.844955e-005,7.853063e-008,3,9.914618e-001,2.760347e-001,,,,,,,,,,,,,,32,3,4.000000e+000,1.986008e-001,0.000000e+000,0,,0,
1708960501.263,,1.000000e+001,3.001008e+001,2.816251e-005,6.881560e-008,3,9.915302e-001,2.443518e-001,,,,,,,,,,,,,,32,3,4.000000e+000,1.821899e-001,0.000000e+000,0,,0,
1708960562.356,,1.000000e+001,3.052003e+001,2.790983e-005,7.153210e-008,3,9.918777e-001,2.562972e-001,,,,,,,,,,,,,,32,3,4.000000e+000,1.672096e-001,0.000000e+000,0,,0,
1708960622.104,,1.000000e+001,3.101631e+001,2.766972e-005,6.222945e-008,3,9.911795e-001,2.249009e-001,,,,,,,,,,,,,,32,3,4.000000e+000,1.794910e-001,0.000000e+000,0,,0,
1708960683.653,,1.000000e+001,3.151849e+001,2.746373e-005,5.638850e-008,3,9.920643e-001,2.053199e-001,,,,,,,,,,,,,,32,3,4.000000e+000,1.747189e-001,0.000000e+000,0,,0,
1708960743.132,,1.000000e+001,3.202376e+001,2.720502e-005,4.850346e-008,3,9.910938e-001,1.782886e-001,,,,,,,,,,,,,,32,3,4.000000e+000,1.760483e-001,0.000000e+000,0,,0,
1708960804.751,,1.000000e+001,3.252592e+001,2.696527e-005,5.516620e-008,3,9.912267e-001,2.045824e-001,,,,,,,,,,,,,,32,3,4.000000e+000,1.620178e-001,0.000000e+000,0,,0,
1708960862.877,,1.000000e+001,3.301903e+001,2.678687e-005,7.642724e-008,3,9.918929e-001,2.853160e-001,,,,,,,,,,,,,,32,3,4.000000e+000,1.852112e-001,0.000000e+000,0,,0,
1708960923.286,,1.000000e+001,3.351809e+001,2.655409e-005,4.098254e-008,3,9.917579e-001,1.543361e-001,,,,,,,,,,,,,,32,3,4.000000e+000,1.685905e-001,0.000000e+000,0,,0,
1708960985.062,,1.000000e+001,3.403024e+001,2.634364e-005,9.992479e-008,3,9.914121e-001,3.793128e-001,,,,,,,,,,,,,,32,3,4.000000e+000,1.782913e-001,0.000000e+000,0,,0,
1708961043.065,,1.000000e+001,3.452236e+001,2.613777e-005,8.111690e-008,3,9.913180e-001,3.103437e-001,,,,,,,,,,,,,,32,3,4.000000e+000,1.508904e-001,0.000000e+000,0,,0,
1708961103.061,,1.000000e+001,3.502544e+001,2.595141e-005,8.347263e-008,3,9.914324e-001,3.216497e-001,,,,,,,,,,,,,,32,3,4.000000e+000,1.660004e-001,0.000000e+000,0,,0,
1708961165.697,,1.000000e+001,3.554176e+001,2.575622e-005,6.585328e-008,3,9.916360e-001,2.556792e-001,,,,,,,,,,,,,,32,3,4.000000e+000,1.778984e-001,0.000000e+000,0,,0,
1708961224.610,,1.000000e+001,3.603349e+001,2.560238e-005,1.106982e-007,3,9.910675e-001,4.323745e-001,,,,,,,,,,,,,,32,3,4.000000e+000,1.680107e-001,0.000000e+000,0,,0,
1708961287.244,,1.000000e+001,3.655509e+001,2.535366e-005,1.164938e-007,3,9.913661e-001,4.594752e-001,,,,,,,,,,,,,,32,3,4.000000e+000,1.720810e-001,0.000000e+000,0,,0,
1708961345.410,,1.000000e+001,3.704466e+001,2.522659e-005,7.723603e-008,3,9.913001e-001,3.061692e-001,,,,,,,,,,,,,,32,3,4.000000e+000,1.759186e-001,0.000000e+000,0,,0,
1708961407.703,,1.000000e+001,3.756281e+001,2.503590e-005,8.553521e-008,3,9.916778e-001,3.416503e-001,,,,,,,,,,,,,,32,3,4.000000e+000,1.650505e-001,0.000000e+000,0,,0,
1708961464.380,,1.000000e+001,3.803386e+001,2.488924e-005,9.987215e-008,3,9.910625e-001,4.012664e-001,,,,,,,,,,,,,,32,3,4.000000e+000,1.604614e-001,0.000000e+000,0,,0,
1708961527.393,,1.000000e+001,3.855202e+001,2.481329e-005,1.655935e-007,3,9.898872e-001,6.673582e-001,,,,,,,,,,,,,,32,3,4.000000e+000,1.925621e-001,0.000000e+000,0,,0,
1708961587.449,,1.000000e+001,3.905111e+001,-2.566703e-007,4.299983e-005,3,6.675723e-001,1.675294e+004,,,,,,,,,,,,,,32,3,4.000000e+000,1.762009e-001,0.000000e+000,0,,0,
1708961648.195,,1.000000e+001,3.955957e+001,2.439093e-005,6.346568e-008,3,9.904065e-001,2.602021e-001,,,,,,,,,,,,,,32,3,4.000000e+000,1.823883e-001,0.000000e+000,0,,0,
1708961707.261,,1.000000e+001,4.005295e+001,2.422398e-005,8.596556e-008,3,9.913325e-001,3.548779e-001,,,,,,,,,,,,,,32,3,4.000000e+000,1.766586e-001,0.000000e+000,0,,0,
1708961767.844,,1.000000e+001,4.056164e+001,2.410568e-005,2.123191e-008,3,9.913775e-001,8.807845e-002,,,,,,,,,,,,,,32,3,4.000000e+000,1.730690e-001,0.000000e+000,0,,0,
1708961828.075,,1.000000e+001,4.105517e+001,2.397213e-005,5.139190e-008,3,9.920838e-001,2.143819e-001,,,,,,,,,,,,,,32,3,4.000000e+000,1.941910e-001,0.000000e+000,0,,0,
1708961887.288,,1.000000e+001,4.155975e+001,2.379865e-005,8.884529e-008,3,9.914606e-001,3.733207e-001,,,,,,,,,,,,,,32,3,4.000000e+000,1.905518e-001,0.000000e+000,0,,0,
1708961947.956,,1.000000e+001,4.206017e+001,2.368196e-005,3.723050e-008,3,9.920288e-001,1.572104e-001,,,,,,,,,,,,,,32,3,4.000000e+000,1.581612e-001,0.000000e+000,0,,0,
1708962010.629,,1.000000e+001,4.258192e+001,2.351940e-005,5.985137e-008,3,9.917324e-001,2.544766e-001,,,,,,,,,,,,,,32,3,4.000000e+000,1.747093e-001,0.000000e+000,0,,0,
1708962068.499,,1.000000e+001,4.306583e+001,2.335937e-005,7.522214e-008,3,9.918796e-001,3.220212e-001,,,,,,,,,,,,,,32,3,4.000000e+000,1.753082e-001,0.000000e+000,0,,0,
1708962127.704,,1.000000e+001,4.356210e+001,2.323611e-005,5.440478e-008,3,9.913792e-001,2.341390e-001,,,,,,,,,,,,,,32,3,4.000000e+000,1.912804e-001,0.000000e+000,0,,0,
1708962187.181,,1.000000e+001,4.405902e+001,2.316950e-005,5.326008e-008,3,9.909744e-001,2.298715e-001,,,,,,,,,,,,,,32,3,4.000000e+000,1.488991e-001,0.000000e+000,0,,0,
1708962250.392,,1.000000e+001,4.458680e+001,2.297104e-005,5.484495e-008,3,9.907063e-001,2.387569e-001,,,,,,,,,,,,,,32,3,4.000000e+000,1.940193e-001,0.000000e+000,0,,0,
1708962307.801,,1.000000e+001,4.505925e+001,2.289276e-005,7.590199e-008,3,9.917920e-001,3.315546e-001,,,,,,,,,,,,,,32,3,4.000000e+000,1.789207e-001,0.000000e+000,0,,0,
1708962369.013,,1.000000e+001,4.557482e+001,2.272731e-005,4.560395e-008,3,9.911387e-001,2.006571e-001,,,,,,,,,,,,,,32,3,4.000000e+000,1.762886e-001,0.000000e+000,0,,0,
1708962430.647,,1.000000e+001,4.608309e+001,2.263572e-005,8.772173e-008,3,9.913421e-001,3.875367e-001,,,,,,,,,,,,,,32,3,4.000000e+000,1.928024e-001,0.000000e+000,0,,0,
1708962490.059,,1.000000e+001,4.658191e+001,2.252683e-005,2.308247e-008,3,9.915091e-001,1.024666e-001,,,,,,,,,,,,,,32,3,4.000000e+000,1.802788e-001,0.000000e+000,0,,0,
1708962550.855,,1.000000e+001,4.708947e+001,2.238038e-005,5.683463e-008,3,9.913704e-001,2.539485e-001,,,,,,,,,,,,,,32,3,4.000000e+000,1.860390e-001,0.000000e+000,0,,0,
1708962610.881,,1.000000e+001,4.758397e+001,2.227048e-005,3.316141e-008,3,9.914296e-001,1.489030e-001,,,,,,,,,,,,,,32,3,4.000000e+000,1.829720e-001,0.000000e+000,0,,0,
1708962672.199,,1.000000e+001,4.809747e+001,2.218545e-005,4.431434e-008,3,9.917768e-001,1.997451e-001,,,,,,,,,,,,,,32,3,4.000000e+000,1.926308e-001,0.000000e+000,0,,0,
1708962730.447,,1.000000e+001,4.858706e+001,2.207715e-005,6.584111e-008,3,9.918280e-001,2.982318e-001,,,,,,,,,,,,,,32,3,4.000000e+000,1.552010e-001,0.000000e+000,0,,0,
1708962792.022,,1.000000e+001,4.909639e+001,2.194956e-005,8.733592e-008,3,9.910901e-001,3.978937e-001,,,,,,,,,,,,,,32,3,4.000000e+000,1.714096e-001,0.000000e+000,0,,0,
1708962852.148,,1.000000e+001,4.959919e+001,2.183085e-005,5.680377e-008,3,9.917087e-001,2.601995e-001,,,,,,,,,,,,,,32,3,4.000000e+000,1.825104e-001,0.000000e+000,0,,0,
1708963102.559,,1.000000e+001,4.999707e+001,2.170430e-005,1.213530e-007,3,9.908393e-001,5.591197e-001,,,,,,,,,,,,,,32,3,4.000000e+000,5.519867e-003,0.000000e+000,0,,0,
